snpID            snpEffect            PIP1            PIP2            PIP3            PIP4
1             0.518015E-02    0.422500E+00    0.456250E+00    0.111250E+00    0.100000E-01
2             0.122357E-01    0.417500E+00    0.428750E+00    0.131250E+00    0.225000E-01
3             0.495147E-02    0.418750E+00    0.447500E+00    0.127500E+00    0.625000E-02
4             0.452431E-02    0.381250E+00    0.453750E+00    0.136250E+00    0.287500E-01
5            -0.685722E-02    0.413750E+00    0.442500E+00    0.133750E+00    0.100000E-01
6             0.571250E-02    0.446250E+00    0.445000E+00    0.103750E+00    0.500000E-02
7             0.104091E-01    0.405000E+00    0.466250E+00    0.116250E+00    0.125000E-01
8            -0.144513E-02    0.408750E+00    0.473750E+00    0.108750E+00    0.875000E-02
9            -0.377252E-01    0.355000E+00    0.423750E+00    0.170000E+00    0.512500E-01
11            0.695566E-03    0.435000E+00    0.450000E+00    0.101250E+00    0.137500E-01
12            0.461388E-02    0.411250E+00    0.430000E+00    0.146250E+00    0.125000E-01
13           -0.112645E-01    0.408750E+00    0.423750E+00    0.152500E+00    0.150000E-01
14           -0.208394E-03    0.428750E+00    0.455000E+00    0.106250E+00    0.100000E-01
15            0.182714E-02    0.396250E+00    0.443750E+00    0.141250E+00    0.187500E-01
16            0.544875E-02    0.423750E+00    0.432500E+00    0.125000E+00    0.187500E-01
17           -0.871585E-02    0.376250E+00    0.456250E+00    0.138750E+00    0.287500E-01
18            0.180804E-01    0.425000E+00    0.371250E+00    0.171250E+00    0.325000E-01
19            0.360029E-02    0.402500E+00    0.418750E+00    0.163750E+00    0.150000E-01
20            0.729742E-03    0.425000E+00    0.438750E+00    0.126250E+00    0.100000E-01
21           -0.172742E-01    0.411250E+00    0.418750E+00    0.150000E+00    0.200000E-01
22           -0.455833E-02    0.401250E+00    0.443750E+00    0.135000E+00    0.200000E-01
23           -0.710286E-02    0.421250E+00    0.432500E+00    0.136250E+00    0.100000E-01
24           -0.120144E-01    0.400000E+00    0.430000E+00    0.155000E+00    0.150000E-01
25            0.138774E-01    0.387500E+00    0.433750E+00    0.147500E+00    0.312500E-01
26           -0.534628E-02    0.421250E+00    0.437500E+00    0.127500E+00    0.137500E-01
27            0.828799E-02    0.421250E+00    0.445000E+00    0.125000E+00    0.875000E-02
28            0.166266E-02    0.427500E+00    0.417500E+00    0.136250E+00    0.187500E-01
29           -0.785994E-02    0.396250E+00    0.467500E+00    0.125000E+00    0.112500E-01
30            0.416784E-02    0.416250E+00    0.432500E+00    0.123750E+00    0.275000E-01
31           -0.108064E-01    0.412500E+00    0.447500E+00    0.131250E+00    0.875000E-02
32           -0.447373E-02    0.420000E+00    0.460000E+00    0.102500E+00    0.175000E-01
33           -0.237974E-01    0.431250E+00    0.402500E+00    0.138750E+00    0.275000E-01
34           -0.104223E-01    0.408750E+00    0.473750E+00    0.105000E+00    0.125000E-01
35            0.364993E-02    0.421250E+00    0.450000E+00    0.117500E+00    0.112500E-01
36           -0.819325E-02    0.425000E+00    0.417500E+00    0.143750E+00    0.137500E-01
38           -0.176448E-01    0.393750E+00    0.417500E+00    0.146250E+00    0.425000E-01
39            0.342009E-02    0.410000E+00    0.431250E+00    0.136250E+00    0.225000E-01
40            0.681086E-02    0.387500E+00    0.442500E+00    0.155000E+00    0.150000E-01
41           -0.247726E-02    0.395000E+00    0.411250E+00    0.161250E+00    0.325000E-01
42            0.575295E-02    0.430000E+00    0.446250E+00    0.107500E+00    0.162500E-01
43           -0.847489E-02    0.408750E+00    0.441250E+00    0.137500E+00    0.125000E-01
44           -0.134129E-01    0.408750E+00    0.440000E+00    0.133750E+00    0.175000E-01
45            0.787309E-02    0.451250E+00    0.430000E+00    0.107500E+00    0.112500E-01
46           -0.269812E-02    0.391250E+00    0.422500E+00    0.168750E+00    0.175000E-01
47           -0.182075E-02    0.462500E+00    0.393750E+00    0.131250E+00    0.125000E-01
48           -0.518689E-01    0.402500E+00    0.396250E+00    0.122500E+00    0.787500E-01
49           -0.721292E-02    0.401250E+00    0.447500E+00    0.140000E+00    0.112500E-01
50            0.277612E-01    0.421250E+00    0.396250E+00    0.136250E+00    0.462500E-01
51           -0.114953E-01    0.415000E+00    0.446250E+00    0.121250E+00    0.175000E-01
52            0.224994E-01    0.351250E+00    0.411250E+00    0.192500E+00    0.450000E-01
53           -0.246662E-01    0.366250E+00    0.431250E+00    0.166250E+00    0.362500E-01
54            0.428594E-02    0.441250E+00    0.443750E+00    0.101250E+00    0.137500E-01
55           -0.642844E-03    0.431250E+00    0.416250E+00    0.130000E+00    0.225000E-01
56           -0.441146E-02    0.428750E+00    0.446250E+00    0.115000E+00    0.100000E-01
57           -0.102423E-01    0.413750E+00    0.448750E+00    0.128750E+00    0.875000E-02
58            0.864889E-02    0.406250E+00    0.456250E+00    0.133750E+00    0.375000E-02
59            0.150437E-01    0.383750E+00    0.462500E+00    0.125000E+00    0.287500E-01
60            0.607740E-03    0.401250E+00    0.510000E+00    0.862500E-01    0.250000E-02
61           -0.232043E-02    0.411250E+00    0.458750E+00    0.116250E+00    0.137500E-01
62            0.375364E-02    0.411250E+00    0.418750E+00    0.161250E+00    0.875000E-02
63            0.811779E-02    0.420000E+00    0.437500E+00    0.128750E+00    0.137500E-01
65            0.114989E-02    0.417500E+00    0.403750E+00    0.145000E+00    0.337500E-01
66           -0.718437E-02    0.417500E+00    0.443750E+00    0.123750E+00    0.150000E-01
67            0.696409E-02    0.400000E+00    0.418750E+00    0.157500E+00    0.237500E-01
68            0.512567E-02    0.418750E+00    0.448750E+00    0.116250E+00    0.162500E-01
69            0.517573E-03    0.427500E+00    0.431250E+00    0.132500E+00    0.875000E-02
70           -0.166939E-02    0.393750E+00    0.470000E+00    0.123750E+00    0.125000E-01
71            0.621263E-02    0.407500E+00    0.465000E+00    0.121250E+00    0.625000E-02
72           -0.103406E-02    0.408750E+00    0.450000E+00    0.131250E+00    0.100000E-01
73           -0.884372E-02    0.405000E+00    0.401250E+00    0.172500E+00    0.212500E-01
74            0.403753E-02    0.443750E+00    0.442500E+00    0.101250E+00    0.125000E-01
75           -0.831437E-02    0.408750E+00    0.446250E+00    0.131250E+00    0.137500E-01
76           -0.380770E-02    0.417500E+00    0.396250E+00    0.167500E+00    0.187500E-01
77           -0.805263E-03    0.412500E+00    0.462500E+00    0.111250E+00    0.137500E-01
78            0.193952E-01    0.373750E+00    0.481250E+00    0.122500E+00    0.225000E-01
79            0.114725E-01    0.431250E+00    0.432500E+00    0.123750E+00    0.125000E-01
80           -0.498475E-02    0.395000E+00    0.473750E+00    0.122500E+00    0.875000E-02
81           -0.180336E-02    0.412500E+00    0.433750E+00    0.137500E+00    0.162500E-01
82           -0.798713E-03    0.412500E+00    0.446250E+00    0.125000E+00    0.162500E-01
83            0.695788E-03    0.416250E+00    0.456250E+00    0.112500E+00    0.150000E-01
84           -0.156733E-01    0.401250E+00    0.412500E+00    0.166250E+00    0.200000E-01
85           -0.192675E-01    0.380000E+00    0.460000E+00    0.141250E+00    0.187500E-01
87           -0.308946E-02    0.367500E+00    0.447500E+00    0.165000E+00    0.200000E-01
88           -0.216141E-03    0.422500E+00    0.451250E+00    0.110000E+00    0.162500E-01
89            0.722968E-02    0.406250E+00    0.448750E+00    0.132500E+00    0.125000E-01
90            0.455078E-02    0.390000E+00    0.482500E+00    0.116250E+00    0.112500E-01
91            0.650533E-02    0.432500E+00    0.432500E+00    0.128750E+00    0.625000E-02
92            0.708101E-02    0.408750E+00    0.413750E+00    0.155000E+00    0.225000E-01
93            0.187437E-01    0.403750E+00    0.427500E+00    0.145000E+00    0.237500E-01
94           -0.122567E-02    0.420000E+00    0.456250E+00    0.112500E+00    0.112500E-01
95           -0.127646E-01    0.442500E+00    0.408750E+00    0.127500E+00    0.212500E-01
96           -0.854703E-01    0.337500E+00    0.346250E+00    0.195000E+00    0.121250E+00
97           -0.272977E-01    0.427500E+00    0.422500E+00    0.123750E+00    0.262500E-01
98            0.102794E-01    0.426250E+00    0.416250E+00    0.140000E+00    0.175000E-01
99           -0.600293E-02    0.407500E+00    0.445000E+00    0.137500E+00    0.100000E-01
100           0.153074E-02    0.470000E+00    0.415000E+00    0.103750E+00    0.112500E-01
101           0.514060E-02    0.405000E+00    0.435000E+00    0.145000E+00    0.150000E-01
102          -0.506742E-03    0.417500E+00    0.456250E+00    0.115000E+00    0.112500E-01
105           0.886551E-02    0.401250E+00    0.468750E+00    0.113750E+00    0.162500E-01
106           0.731300E-02    0.415000E+00    0.425000E+00    0.136250E+00    0.237500E-01
107          -0.213162E-01    0.371250E+00    0.446250E+00    0.146250E+00    0.362500E-01
110           0.880987E-02    0.428750E+00    0.438750E+00    0.107500E+00    0.250000E-01
111           0.943798E-03    0.395000E+00    0.450000E+00    0.130000E+00    0.250000E-01
112          -0.692901E-01    0.356250E+00    0.406250E+00    0.133750E+00    0.103750E+00
113           0.284846E-01    0.356250E+00    0.418750E+00    0.181250E+00    0.437500E-01
114          -0.218746E-01    0.395000E+00    0.402500E+00    0.177500E+00    0.250000E-01
115           0.752165E-02    0.375000E+00    0.446250E+00    0.157500E+00    0.212500E-01
116           0.200528E-02    0.432500E+00    0.462500E+00    0.987500E-01    0.625000E-02
117          -0.480353E-01    0.391250E+00    0.398750E+00    0.127500E+00    0.825000E-01
118          -0.111548E-01    0.412500E+00    0.441250E+00    0.126250E+00    0.200000E-01
120          -0.246390E-01    0.368750E+00    0.436250E+00    0.148750E+00    0.462500E-01
121           0.120245E-02    0.408750E+00    0.422500E+00    0.150000E+00    0.187500E-01
122           0.775405E-02    0.381250E+00    0.486250E+00    0.128750E+00    0.375000E-02
123          -0.179524E-01    0.386250E+00    0.415000E+00    0.152500E+00    0.462500E-01
124           0.397490E-02    0.442500E+00    0.441250E+00    0.105000E+00    0.112500E-01
125          -0.183700E-02    0.431250E+00    0.452500E+00    0.111250E+00    0.500000E-02
126           0.306515E-01    0.373750E+00    0.428750E+00    0.148750E+00    0.487500E-01
127          -0.858146E-02    0.422500E+00    0.426250E+00    0.137500E+00    0.137500E-01
128          -0.147687E-01    0.385000E+00    0.438750E+00    0.143750E+00    0.325000E-01
129          -0.149716E-01    0.417500E+00    0.435000E+00    0.136250E+00    0.112500E-01
130          -0.604678E-01    0.357500E+00    0.393750E+00    0.161250E+00    0.875000E-01
131           0.632931E-02    0.402500E+00    0.486250E+00    0.101250E+00    0.100000E-01
132          -0.134861E-01    0.356250E+00    0.450000E+00    0.170000E+00    0.237500E-01
133           0.145280E-02    0.430000E+00    0.433750E+00    0.125000E+00    0.112500E-01
135           0.492480E-02    0.421250E+00    0.402500E+00    0.151250E+00    0.250000E-01
136           0.375990E-02    0.393750E+00    0.455000E+00    0.142500E+00    0.875000E-02
137           0.849086E-02    0.412500E+00    0.452500E+00    0.121250E+00    0.137500E-01
138           0.348803E-02    0.413750E+00    0.442500E+00    0.135000E+00    0.875000E-02
139          -0.460149E-02    0.438750E+00    0.427500E+00    0.131250E+00    0.250000E-02
140          -0.120276E-01    0.410000E+00    0.446250E+00    0.123750E+00    0.200000E-01
141           0.415073E-01    0.406250E+00    0.390000E+00    0.135000E+00    0.687500E-01
142          -0.146721E-02    0.428750E+00    0.440000E+00    0.120000E+00    0.112500E-01
143          -0.153705E-01    0.445000E+00    0.415000E+00    0.126250E+00    0.137500E-01
144           0.277242E-02    0.411250E+00    0.471250E+00    0.110000E+00    0.750000E-02
145          -0.858595E-01    0.327500E+00    0.387500E+00    0.190000E+00    0.950000E-01
146           0.410013E-02    0.412500E+00    0.450000E+00    0.127500E+00    0.100000E-01
147          -0.201193E-03    0.406250E+00    0.455000E+00    0.127500E+00    0.112500E-01
148          -0.144772E-02    0.427500E+00    0.435000E+00    0.120000E+00    0.175000E-01
149          -0.145792E-01    0.390000E+00    0.426250E+00    0.163750E+00    0.200000E-01
150          -0.159598E-01    0.423750E+00    0.447500E+00    0.111250E+00    0.175000E-01
151           0.138790E-01    0.430000E+00    0.433750E+00    0.125000E+00    0.112500E-01
152          -0.206609E-02    0.407500E+00    0.417500E+00    0.152500E+00    0.225000E-01
153           0.281693E-01    0.411250E+00    0.423750E+00    0.132500E+00    0.325000E-01
154           0.867950E-02    0.425000E+00    0.403750E+00    0.135000E+00    0.362500E-01
155           0.741136E-02    0.397500E+00    0.445000E+00    0.141250E+00    0.162500E-01
156           0.610231E-02    0.396250E+00    0.463750E+00    0.121250E+00    0.187500E-01
157           0.337814E-02    0.453750E+00    0.433750E+00    0.108750E+00    0.375000E-02
158           0.123194E+00    0.277500E+00    0.365000E+00    0.188750E+00    0.168750E+00
159           0.592040E-02    0.405000E+00    0.456250E+00    0.128750E+00    0.100000E-01
160           0.112424E-01    0.446250E+00    0.416250E+00    0.130000E+00    0.750000E-02
161          -0.140144E-01    0.415000E+00    0.443750E+00    0.128750E+00    0.125000E-01
162           0.747199E-03    0.397500E+00    0.477500E+00    0.116250E+00    0.875000E-02
163           0.300463E-01    0.375000E+00    0.428750E+00    0.168750E+00    0.275000E-01
164          -0.768388E-01    0.343750E+00    0.391250E+00    0.155000E+00    0.110000E+00
165          -0.485819E-02    0.433750E+00    0.436250E+00    0.120000E+00    0.100000E-01
166          -0.861225E-02    0.398750E+00    0.413750E+00    0.153750E+00    0.337500E-01
167          -0.633714E-02    0.363750E+00    0.455000E+00    0.157500E+00    0.237500E-01
168          -0.587499E-01    0.380000E+00    0.381250E+00    0.136250E+00    0.102500E+00
169          -0.120503E+00    0.285000E+00    0.381250E+00    0.148750E+00    0.185000E+00
170           0.999514E-02    0.426250E+00    0.407500E+00    0.151250E+00    0.150000E-01
171          -0.406105E-02    0.410000E+00    0.451250E+00    0.127500E+00    0.112500E-01
172          -0.909577E-01    0.321250E+00    0.385000E+00    0.150000E+00    0.143750E+00
173           0.159136E-01    0.408750E+00    0.416250E+00    0.153750E+00    0.212500E-01
174           0.310506E-01    0.372500E+00    0.410000E+00    0.182500E+00    0.350000E-01
175          -0.190516E-01    0.378750E+00    0.421250E+00    0.155000E+00    0.450000E-01
176          -0.928918E-03    0.437500E+00    0.430000E+00    0.116250E+00    0.162500E-01
177           0.781670E-02    0.393750E+00    0.452500E+00    0.130000E+00    0.237500E-01
178           0.608410E-02    0.405000E+00    0.467500E+00    0.113750E+00    0.137500E-01
179          -0.411419E-02    0.411250E+00    0.460000E+00    0.117500E+00    0.112500E-01
180          -0.310896E-01    0.418750E+00    0.381250E+00    0.166250E+00    0.337500E-01
181          -0.643442E-02    0.395000E+00    0.486250E+00    0.107500E+00    0.112500E-01
182          -0.166479E-01    0.402500E+00    0.431250E+00    0.143750E+00    0.225000E-01
183          -0.114283E-01    0.420000E+00    0.448750E+00    0.115000E+00    0.162500E-01
184           0.959216E-03    0.451250E+00    0.408750E+00    0.130000E+00    0.100000E-01
185          -0.797721E-01    0.346250E+00    0.335000E+00    0.232500E+00    0.862500E-01
186           0.182857E-02    0.407500E+00    0.465000E+00    0.122500E+00    0.500000E-02
187          -0.612244E-01    0.333750E+00    0.401250E+00    0.147500E+00    0.117500E+00
188           0.116632E-01    0.373750E+00    0.463750E+00    0.155000E+00    0.750000E-02
189          -0.995471E-01    0.335000E+00    0.383750E+00    0.162500E+00    0.118750E+00
190           0.205555E-01    0.386250E+00    0.458750E+00    0.138750E+00    0.162500E-01
191           0.393690E-02    0.407500E+00    0.426250E+00    0.152500E+00    0.137500E-01
192           0.328954E-02    0.403750E+00    0.470000E+00    0.112500E+00    0.137500E-01
193           0.111003E-02    0.405000E+00    0.443750E+00    0.140000E+00    0.112500E-01
194           0.132745E-02    0.423750E+00    0.426250E+00    0.138750E+00    0.112500E-01
195           0.223369E-01    0.402500E+00    0.442500E+00    0.131250E+00    0.237500E-01
196          -0.169695E-01    0.386250E+00    0.450000E+00    0.147500E+00    0.162500E-01
197          -0.369953E-01    0.382500E+00    0.405000E+00    0.175000E+00    0.375000E-01
198          -0.236295E-01    0.361250E+00    0.426250E+00    0.166250E+00    0.462500E-01
199          -0.212986E+00    0.217500E+00    0.303750E+00    0.220000E+00    0.258750E+00
200           0.892747E-02    0.418750E+00    0.431250E+00    0.142500E+00    0.750000E-02
201          -0.143779E-01    0.390000E+00    0.428750E+00    0.158750E+00    0.225000E-01
202          -0.943652E-02    0.452500E+00    0.420000E+00    0.120000E+00    0.750000E-02
203           0.155793E-01    0.396250E+00    0.462500E+00    0.132500E+00    0.875000E-02
204          -0.101043E-01    0.360000E+00    0.415000E+00    0.183750E+00    0.412500E-01
205           0.792450E-01    0.337500E+00    0.416250E+00    0.132500E+00    0.113750E+00
206           0.103933E-01    0.432500E+00    0.420000E+00    0.131250E+00    0.162500E-01
207          -0.317187E-02    0.435000E+00    0.438750E+00    0.112500E+00    0.137500E-01
208           0.264313E-01    0.370000E+00    0.442500E+00    0.138750E+00    0.487500E-01
209          -0.622990E-02    0.432500E+00    0.452500E+00    0.108750E+00    0.625000E-02
210          -0.466693E-02    0.413750E+00    0.455000E+00    0.120000E+00    0.112500E-01
211          -0.695508E-02    0.418750E+00    0.420000E+00    0.147500E+00    0.137500E-01
212          -0.110629E-01    0.427500E+00    0.420000E+00    0.138750E+00    0.137500E-01
213          -0.271107E-02    0.402500E+00    0.443750E+00    0.131250E+00    0.225000E-01
214          -0.747331E-02    0.415000E+00    0.430000E+00    0.140000E+00    0.150000E-01
216           0.179770E+00    0.237500E+00    0.345000E+00    0.175000E+00    0.242500E+00
218           0.477473E-02    0.431250E+00    0.450000E+00    0.108750E+00    0.100000E-01
219          -0.396561E-02    0.418750E+00    0.445000E+00    0.116250E+00    0.200000E-01
220          -0.582153E-02    0.398750E+00    0.457500E+00    0.137500E+00    0.625000E-02
221           0.773595E-02    0.418750E+00    0.445000E+00    0.121250E+00    0.150000E-01
222          -0.289055E-02    0.427500E+00    0.431250E+00    0.128750E+00    0.125000E-01
223          -0.138276E-02    0.407500E+00    0.415000E+00    0.151250E+00    0.262500E-01
224          -0.161841E-02    0.431250E+00    0.413750E+00    0.142500E+00    0.125000E-01
225          -0.197872E-02    0.435000E+00    0.443750E+00    0.110000E+00    0.112500E-01
226          -0.318617E-01    0.412500E+00    0.392500E+00    0.145000E+00    0.500000E-01
227           0.108773E-03    0.413750E+00    0.431250E+00    0.133750E+00    0.212500E-01
228          -0.783527E-02    0.403750E+00    0.437500E+00    0.147500E+00    0.112500E-01
229          -0.365186E-02    0.432500E+00    0.436250E+00    0.118750E+00    0.125000E-01
230           0.346148E-02    0.408750E+00    0.402500E+00    0.171250E+00    0.175000E-01
231          -0.479244E-02    0.421250E+00    0.445000E+00    0.126250E+00    0.750000E-02
232           0.914492E-04    0.402500E+00    0.438750E+00    0.143750E+00    0.150000E-01
233          -0.458328E-02    0.387500E+00    0.450000E+00    0.143750E+00    0.187500E-01
234          -0.373459E-02    0.420000E+00    0.442500E+00    0.128750E+00    0.875000E-02
236           0.244348E-01    0.361250E+00    0.447500E+00    0.145000E+00    0.462500E-01
237          -0.111257E-01    0.408750E+00    0.445000E+00    0.127500E+00    0.187500E-01
238          -0.153171E-01    0.402500E+00    0.431250E+00    0.135000E+00    0.312500E-01
239          -0.881674E-02    0.408750E+00    0.456250E+00    0.121250E+00    0.137500E-01
240          -0.255529E-02    0.418750E+00    0.457500E+00    0.116250E+00    0.750000E-02
242          -0.187336E-02    0.410000E+00    0.438750E+00    0.140000E+00    0.112500E-01
243           0.130179E-01    0.382500E+00    0.478750E+00    0.125000E+00    0.137500E-01
244           0.147031E-02    0.445000E+00    0.417500E+00    0.120000E+00    0.175000E-01
245           0.696928E-02    0.438750E+00    0.407500E+00    0.145000E+00    0.875000E-02
246          -0.579062E-02    0.382500E+00    0.442500E+00    0.155000E+00    0.200000E-01
247          -0.306271E-02    0.436250E+00    0.457500E+00    0.102500E+00    0.375000E-02
248          -0.195387E-02    0.401250E+00    0.450000E+00    0.137500E+00    0.112500E-01
249           0.265084E-01    0.387500E+00    0.406250E+00    0.165000E+00    0.412500E-01
250          -0.207557E-01    0.417500E+00    0.431250E+00    0.108750E+00    0.425000E-01
251           0.560270E-02    0.400000E+00    0.471250E+00    0.113750E+00    0.150000E-01
252          -0.222948E-02    0.400000E+00    0.483750E+00    0.103750E+00    0.125000E-01
253           0.433540E-03    0.410000E+00    0.448750E+00    0.131250E+00    0.100000E-01
254           0.129641E-01    0.435000E+00    0.420000E+00    0.120000E+00    0.250000E-01
256          -0.360055E-01    0.388750E+00    0.417500E+00    0.138750E+00    0.550000E-01
257          -0.726372E-02    0.416250E+00    0.431250E+00    0.141250E+00    0.112500E-01
258          -0.228919E-01    0.376250E+00    0.425000E+00    0.155000E+00    0.437500E-01
259          -0.124626E-01    0.397500E+00    0.456250E+00    0.126250E+00    0.200000E-01
260          -0.781550E-02    0.413750E+00    0.411250E+00    0.157500E+00    0.175000E-01
261          -0.543750E-02    0.425000E+00    0.450000E+00    0.113750E+00    0.112500E-01
262          -0.106494E-02    0.422500E+00    0.441250E+00    0.123750E+00    0.125000E-01
263           0.528236E-02    0.382500E+00    0.467500E+00    0.123750E+00    0.262500E-01
265           0.869525E-02    0.421250E+00    0.442500E+00    0.125000E+00    0.112500E-01
266           0.121654E-01    0.382500E+00    0.443750E+00    0.132500E+00    0.412500E-01
267          -0.234262E-02    0.421250E+00    0.457500E+00    0.108750E+00    0.125000E-01
268          -0.620727E-02    0.418750E+00    0.423750E+00    0.143750E+00    0.137500E-01
269          -0.214736E-03    0.356250E+00    0.438750E+00    0.175000E+00    0.300000E-01
270           0.797142E-03    0.436250E+00    0.428750E+00    0.131250E+00    0.375000E-02
271           0.925570E-02    0.388750E+00    0.391250E+00    0.151250E+00    0.687500E-01
272           0.530694E-02    0.401250E+00    0.468750E+00    0.108750E+00    0.212500E-01
273           0.115734E-02    0.398750E+00    0.445000E+00    0.142500E+00    0.137500E-01
274           0.979659E-02    0.406250E+00    0.447500E+00    0.136250E+00    0.100000E-01
275          -0.665319E-02    0.438750E+00    0.386250E+00    0.156250E+00    0.187500E-01
276          -0.129923E-01    0.395000E+00    0.448750E+00    0.112500E+00    0.437500E-01
277           0.656936E-02    0.420000E+00    0.447500E+00    0.120000E+00    0.125000E-01
278           0.276442E-02    0.426250E+00    0.458750E+00    0.108750E+00    0.625000E-02
279          -0.102407E-01    0.423750E+00    0.428750E+00    0.122500E+00    0.250000E-01
280           0.101131E-01    0.395000E+00    0.435000E+00    0.162500E+00    0.750000E-02
281           0.606806E-02    0.407500E+00    0.472500E+00    0.105000E+00    0.150000E-01
282          -0.508176E-02    0.418750E+00    0.453750E+00    0.117500E+00    0.100000E-01
283           0.107736E-01    0.397500E+00    0.436250E+00    0.151250E+00    0.150000E-01
287           0.647159E-02    0.400000E+00    0.447500E+00    0.140000E+00    0.125000E-01
288           0.600154E-02    0.405000E+00    0.421250E+00    0.151250E+00    0.225000E-01
290          -0.316929E-02    0.396250E+00    0.448750E+00    0.141250E+00    0.137500E-01
291          -0.698067E-02    0.411250E+00    0.436250E+00    0.122500E+00    0.300000E-01
292          -0.297379E-01    0.383750E+00    0.431250E+00    0.117500E+00    0.675000E-01
294          -0.124494E-01    0.415000E+00    0.443750E+00    0.130000E+00    0.112500E-01
295          -0.103180E-01    0.370000E+00    0.473750E+00    0.127500E+00    0.287500E-01
296          -0.419649E-03    0.396250E+00    0.415000E+00    0.148750E+00    0.400000E-01
297          -0.367736E-01    0.352500E+00    0.433750E+00    0.151250E+00    0.625000E-01
298           0.227769E-02    0.388750E+00    0.448750E+00    0.150000E+00    0.125000E-01
299          -0.190628E-02    0.438750E+00    0.428750E+00    0.122500E+00    0.100000E-01
300          -0.118043E-01    0.403750E+00    0.445000E+00    0.133750E+00    0.175000E-01
301          -0.670009E-02    0.380000E+00    0.452500E+00    0.152500E+00    0.150000E-01
302          -0.519876E-02    0.455000E+00    0.431250E+00    0.102500E+00    0.112500E-01
303           0.395174E-04    0.413750E+00    0.451250E+00    0.118750E+00    0.162500E-01
304           0.120717E-01    0.403750E+00    0.442500E+00    0.137500E+00    0.162500E-01
305          -0.104474E-02    0.428750E+00    0.460000E+00    0.105000E+00    0.625000E-02
306          -0.813318E-02    0.396250E+00    0.458750E+00    0.140000E+00    0.500000E-02
307           0.481267E-02    0.432500E+00    0.433750E+00    0.123750E+00    0.100000E-01
308          -0.542797E-02    0.400000E+00    0.457500E+00    0.137500E+00    0.500000E-02
309           0.646970E-02    0.397500E+00    0.423750E+00    0.157500E+00    0.212500E-01
310          -0.718679E-01    0.415000E+00    0.335000E+00    0.128750E+00    0.121250E+00
311          -0.156792E-01    0.393750E+00    0.435000E+00    0.150000E+00    0.212500E-01
312          -0.132222E-02    0.391250E+00    0.443750E+00    0.141250E+00    0.237500E-01
313           0.483218E-03    0.408750E+00    0.432500E+00    0.150000E+00    0.875000E-02
314           0.190234E-01    0.346250E+00    0.420000E+00    0.173750E+00    0.600000E-01
315          -0.824210E-02    0.403750E+00    0.428750E+00    0.156250E+00    0.112500E-01
316           0.172527E-01    0.405000E+00    0.428750E+00    0.143750E+00    0.225000E-01
317          -0.643231E-02    0.416250E+00    0.450000E+00    0.125000E+00    0.875000E-02
318           0.767224E-02    0.421250E+00    0.438750E+00    0.118750E+00    0.212500E-01
319          -0.198008E-02    0.433750E+00    0.446250E+00    0.115000E+00    0.500000E-02
320           0.118635E-01    0.423750E+00    0.447500E+00    0.118750E+00    0.100000E-01
321           0.955754E-02    0.392500E+00    0.450000E+00    0.146250E+00    0.112500E-01
322           0.172978E-01    0.407500E+00    0.433750E+00    0.126250E+00    0.325000E-01
323           0.684708E-02    0.397500E+00    0.433750E+00    0.147500E+00    0.212500E-01
324          -0.124192E-01    0.452500E+00    0.401250E+00    0.123750E+00    0.225000E-01
325          -0.762640E-02    0.385000E+00    0.451250E+00    0.140000E+00    0.237500E-01
326           0.105738E-02    0.407500E+00    0.467500E+00    0.117500E+00    0.750000E-02
327          -0.136015E-01    0.395000E+00    0.452500E+00    0.133750E+00    0.187500E-01
328          -0.274742E-01    0.362500E+00    0.446250E+00    0.136250E+00    0.550000E-01
329           0.464734E-02    0.433750E+00    0.428750E+00    0.117500E+00    0.200000E-01
330           0.647322E-02    0.425000E+00    0.437500E+00    0.121250E+00    0.162500E-01
331          -0.357388E-02    0.407500E+00    0.435000E+00    0.142500E+00    0.150000E-01
332          -0.781966E-03    0.427500E+00    0.415000E+00    0.151250E+00    0.625000E-02
333           0.617536E-02    0.412500E+00    0.442500E+00    0.138750E+00    0.625000E-02
334          -0.113566E-01    0.398750E+00    0.458750E+00    0.123750E+00    0.187500E-01
335           0.237446E-01    0.373750E+00    0.428750E+00    0.138750E+00    0.587500E-01
336          -0.470321E-02    0.425000E+00    0.438750E+00    0.127500E+00    0.875000E-02
338           0.343371E-03    0.417500E+00    0.450000E+00    0.122500E+00    0.100000E-01
339          -0.462197E-02    0.411250E+00    0.470000E+00    0.112500E+00    0.625000E-02
341          -0.983367E-02    0.418750E+00    0.445000E+00    0.121250E+00    0.150000E-01
342          -0.128546E-01    0.367500E+00    0.423750E+00    0.177500E+00    0.312500E-01
343          -0.434093E-02    0.408750E+00    0.440000E+00    0.135000E+00    0.162500E-01
344           0.131722E-01    0.425000E+00    0.426250E+00    0.132500E+00    0.162500E-01
345           0.102994E-01    0.430000E+00    0.430000E+00    0.130000E+00    0.100000E-01
346          -0.362947E-02    0.400000E+00    0.440000E+00    0.137500E+00    0.225000E-01
347           0.333733E-02    0.386250E+00    0.452500E+00    0.146250E+00    0.150000E-01
348           0.102582E-01    0.396250E+00    0.427500E+00    0.152500E+00    0.237500E-01
349          -0.234514E-01    0.381250E+00    0.427500E+00    0.158750E+00    0.325000E-01
350          -0.873320E-02    0.361250E+00    0.445000E+00    0.176250E+00    0.175000E-01
351          -0.135602E-02    0.423750E+00    0.437500E+00    0.130000E+00    0.875000E-02
352           0.101503E-01    0.406250E+00    0.427500E+00    0.142500E+00    0.237500E-01
353          -0.547169E-02    0.432500E+00    0.451250E+00    0.108750E+00    0.750000E-02
354          -0.100718E-01    0.431250E+00    0.437500E+00    0.105000E+00    0.262500E-01
355           0.757210E-02    0.435000E+00    0.397500E+00    0.137500E+00    0.300000E-01
356           0.212168E-02    0.425000E+00    0.463750E+00    0.105000E+00    0.625000E-02
357          -0.143061E-01    0.413750E+00    0.395000E+00    0.172500E+00    0.187500E-01
358           0.249681E-01    0.416250E+00    0.396250E+00    0.162500E+00    0.250000E-01
360           0.140287E-01    0.378750E+00    0.475000E+00    0.133750E+00    0.125000E-01
361           0.121185E-03    0.408750E+00    0.451250E+00    0.127500E+00    0.125000E-01
363          -0.311853E-02    0.402500E+00    0.445000E+00    0.143750E+00    0.875000E-02
364           0.173289E-01    0.437500E+00    0.401250E+00    0.142500E+00    0.187500E-01
365          -0.109879E-01    0.367500E+00    0.478750E+00    0.138750E+00    0.150000E-01
366          -0.305133E-01    0.390000E+00    0.381250E+00    0.165000E+00    0.637500E-01
367           0.244645E-02    0.455000E+00    0.427500E+00    0.111250E+00    0.625000E-02
368           0.654776E-02    0.432500E+00    0.445000E+00    0.111250E+00    0.112500E-01
370          -0.175321E-01    0.381250E+00    0.443750E+00    0.158750E+00    0.162500E-01
371          -0.731231E-02    0.413750E+00    0.432500E+00    0.138750E+00    0.150000E-01
372          -0.260950E-02    0.376250E+00    0.442500E+00    0.166250E+00    0.150000E-01
373           0.335247E-02    0.408750E+00    0.432500E+00    0.132500E+00    0.262500E-01
374          -0.535217E-02    0.416250E+00    0.427500E+00    0.142500E+00    0.137500E-01
375           0.951051E-03    0.463750E+00    0.402500E+00    0.121250E+00    0.125000E-01
377          -0.747994E-03    0.393750E+00    0.458750E+00    0.133750E+00    0.137500E-01
378          -0.106708E-01    0.380000E+00    0.468750E+00    0.142500E+00    0.875000E-02
379           0.306328E-02    0.395000E+00    0.466250E+00    0.130000E+00    0.875000E-02
380          -0.449956E-02    0.427500E+00    0.471250E+00    0.975000E-01    0.375000E-02
381          -0.143304E-01    0.390000E+00    0.446250E+00    0.140000E+00    0.237500E-01
382           0.741665E-03    0.458750E+00    0.408750E+00    0.127500E+00    0.500000E-02
383          -0.542642E-02    0.407500E+00    0.437500E+00    0.116250E+00    0.387500E-01
384          -0.969805E-02    0.421250E+00    0.427500E+00    0.126250E+00    0.250000E-01
385           0.173426E-01    0.378750E+00    0.436250E+00    0.142500E+00    0.425000E-01
386           0.127158E-01    0.417500E+00    0.436250E+00    0.117500E+00    0.287500E-01
387          -0.451935E-02    0.441250E+00    0.431250E+00    0.115000E+00    0.125000E-01
388           0.174189E-02    0.427500E+00    0.431250E+00    0.121250E+00    0.200000E-01
389          -0.420042E-01    0.368750E+00    0.381250E+00    0.186250E+00    0.637500E-01
390          -0.182649E-02    0.422500E+00    0.436250E+00    0.127500E+00    0.137500E-01
391          -0.160097E-01    0.401250E+00    0.438750E+00    0.147500E+00    0.125000E-01
392          -0.783820E-02    0.403750E+00    0.448750E+00    0.136250E+00    0.112500E-01
393           0.118107E-02    0.390000E+00    0.455000E+00    0.136250E+00    0.187500E-01
394           0.470877E-02    0.405000E+00    0.448750E+00    0.132500E+00    0.137500E-01
395           0.427639E-02    0.403750E+00    0.425000E+00    0.152500E+00    0.187500E-01
396           0.629484E-02    0.421250E+00    0.413750E+00    0.138750E+00    0.262500E-01
397           0.514250E-02    0.437500E+00    0.430000E+00    0.123750E+00    0.875000E-02
398           0.248548E-01    0.350000E+00    0.438750E+00    0.186250E+00    0.250000E-01
399          -0.957473E-02    0.388750E+00    0.462500E+00    0.132500E+00    0.162500E-01
400          -0.432106E-02    0.403750E+00    0.433750E+00    0.150000E+00    0.125000E-01
401          -0.321433E-02    0.400000E+00    0.443750E+00    0.151250E+00    0.500000E-02
402           0.404935E-02    0.392500E+00    0.422500E+00    0.155000E+00    0.300000E-01
403           0.141821E-02    0.386250E+00    0.442500E+00    0.152500E+00    0.187500E-01
404           0.104272E-01    0.383750E+00    0.436250E+00    0.168750E+00    0.112500E-01
405           0.183758E-01    0.422500E+00    0.410000E+00    0.141250E+00    0.262500E-01
406           0.829394E-02    0.425000E+00    0.422500E+00    0.141250E+00    0.112500E-01
407          -0.530583E-02    0.440000E+00    0.446250E+00    0.106250E+00    0.750000E-02
408           0.763633E-02    0.385000E+00    0.476250E+00    0.127500E+00    0.112500E-01
409          -0.125298E-01    0.408750E+00    0.397500E+00    0.172500E+00    0.212500E-01
410          -0.287668E-02    0.390000E+00    0.430000E+00    0.151250E+00    0.287500E-01
411          -0.172547E-01    0.412500E+00    0.403750E+00    0.171250E+00    0.125000E-01
412           0.880548E-02    0.403750E+00    0.462500E+00    0.122500E+00    0.112500E-01
413          -0.986628E-02    0.421250E+00    0.412500E+00    0.156250E+00    0.100000E-01
414          -0.125530E-01    0.418750E+00    0.443750E+00    0.118750E+00    0.187500E-01
415          -0.401558E-02    0.376250E+00    0.441250E+00    0.168750E+00    0.137500E-01
416          -0.582118E-02    0.405000E+00    0.418750E+00    0.167500E+00    0.875000E-02
417           0.601317E-02    0.431250E+00    0.452500E+00    0.103750E+00    0.125000E-01
418          -0.780014E-02    0.425000E+00    0.395000E+00    0.151250E+00    0.287500E-01
419          -0.496065E-03    0.438750E+00    0.461250E+00    0.950000E-01    0.500000E-02
420           0.667897E-03    0.446250E+00    0.440000E+00    0.103750E+00    0.100000E-01
421           0.422475E-02    0.420000E+00    0.446250E+00    0.122500E+00    0.112500E-01
422           0.209915E-03    0.420000E+00    0.462500E+00    0.110000E+00    0.750000E-02
423           0.358322E-01    0.416250E+00    0.410000E+00    0.117500E+00    0.562500E-01
424          -0.252990E-02    0.417500E+00    0.453750E+00    0.115000E+00    0.137500E-01
425          -0.654647E-01    0.412500E+00    0.342500E+00    0.133750E+00    0.111250E+00
426          -0.201038E-01    0.367500E+00    0.425000E+00    0.167500E+00    0.400000E-01
427          -0.117366E-01    0.405000E+00    0.435000E+00    0.150000E+00    0.100000E-01
428          -0.480193E-01    0.373750E+00    0.387500E+00    0.145000E+00    0.937500E-01
429          -0.635984E-02    0.430000E+00    0.436250E+00    0.121250E+00    0.125000E-01
430           0.431701E-02    0.396250E+00    0.465000E+00    0.125000E+00    0.137500E-01
431           0.236805E-01    0.395000E+00    0.415000E+00    0.157500E+00    0.325000E-01
432          -0.591950E-02    0.412500E+00    0.408750E+00    0.158750E+00    0.200000E-01
433          -0.782412E-02    0.402500E+00    0.438750E+00    0.141250E+00    0.175000E-01
434          -0.667286E-02    0.413750E+00    0.450000E+00    0.111250E+00    0.250000E-01
435           0.203406E-02    0.435000E+00    0.456250E+00    0.962500E-01    0.125000E-01
436           0.744200E-02    0.392500E+00    0.425000E+00    0.165000E+00    0.175000E-01
437          -0.701089E-03    0.407500E+00    0.447500E+00    0.131250E+00    0.137500E-01
438          -0.393737E-02    0.437500E+00    0.453750E+00    0.100000E+00    0.875000E-02
439          -0.442841E-02    0.431250E+00    0.442500E+00    0.121250E+00    0.500000E-02
440          -0.197185E+00    0.271250E+00    0.347500E+00    0.138750E+00    0.242500E+00
441          -0.115322E-02    0.448750E+00    0.421250E+00    0.120000E+00    0.100000E-01
442          -0.448863E-02    0.423750E+00    0.433750E+00    0.117500E+00    0.250000E-01
443          -0.168974E-01    0.397500E+00    0.428750E+00    0.150000E+00    0.237500E-01
444           0.265930E-03    0.405000E+00    0.460000E+00    0.126250E+00    0.875000E-02
445          -0.158040E-01    0.395000E+00    0.422500E+00    0.148750E+00    0.337500E-01
446          -0.157456E-01    0.387500E+00    0.397500E+00    0.175000E+00    0.400000E-01
447           0.527417E-02    0.418750E+00    0.467500E+00    0.962500E-01    0.175000E-01
448           0.169411E-02    0.422500E+00    0.445000E+00    0.117500E+00    0.150000E-01
449           0.276932E-02    0.413750E+00    0.428750E+00    0.136250E+00    0.212500E-01
450           0.568982E-02    0.412500E+00    0.427500E+00    0.142500E+00    0.175000E-01
451           0.782368E-02    0.433750E+00    0.440000E+00    0.115000E+00    0.112500E-01
452           0.930867E-01    0.312500E+00    0.383750E+00    0.155000E+00    0.148750E+00
453           0.106130E-01    0.370000E+00    0.451250E+00    0.158750E+00    0.200000E-01
454           0.463671E-01    0.353750E+00    0.408750E+00    0.140000E+00    0.975000E-01
455           0.109516E-02    0.433750E+00    0.431250E+00    0.120000E+00    0.150000E-01
456          -0.553859E-02    0.412500E+00    0.445000E+00    0.133750E+00    0.875000E-02
457           0.279007E-02    0.428750E+00    0.433750E+00    0.127500E+00    0.100000E-01
458           0.294653E-01    0.416250E+00    0.405000E+00    0.116250E+00    0.625000E-01
459          -0.385854E-02    0.415000E+00    0.438750E+00    0.130000E+00    0.162500E-01
460           0.134827E-02    0.433750E+00    0.443750E+00    0.110000E+00    0.125000E-01
461          -0.949506E-01    0.296250E+00    0.425000E+00    0.123750E+00    0.155000E+00
462           0.806201E-02    0.422500E+00    0.481250E+00    0.837500E-01    0.125000E-01
463          -0.111913E-01    0.366250E+00    0.430000E+00    0.165000E+00    0.387500E-01
464          -0.943107E-02    0.431250E+00    0.445000E+00    0.115000E+00    0.875000E-02
465          -0.169467E-01    0.402500E+00    0.433750E+00    0.147500E+00    0.162500E-01
