snpID            snpEffect            PIP1            PIP2            PIP3            PIP4
1             0.152388E-02    0.931375E+00    0.616250E-01    0.525000E-02    0.175000E-02
2             0.274028E-02    0.923000E+00    0.675000E-01    0.725000E-02    0.225000E-02
3             0.239763E-02    0.929500E+00    0.623750E-01    0.650000E-02    0.162500E-02
4            -0.309299E-02    0.925250E+00    0.661250E-01    0.612500E-02    0.250000E-02
5            -0.384409E-02    0.915750E+00    0.728750E-01    0.850000E-02    0.287500E-02
6             0.770832E-03    0.929500E+00    0.622500E-01    0.625000E-02    0.200000E-02
7             0.324725E-02    0.923500E+00    0.661250E-01    0.850000E-02    0.187500E-02
8             0.944445E-03    0.927750E+00    0.642500E-01    0.637500E-02    0.162500E-02
9            -0.511861E-02    0.920500E+00    0.651250E-01    0.101250E-01    0.425000E-02
11            0.823883E-03    0.928250E+00    0.642500E-01    0.550000E-02    0.200000E-02
12            0.511947E-03    0.933375E+00    0.595000E-01    0.525000E-02    0.187500E-02
13           -0.356763E-02    0.920000E+00    0.695000E-01    0.712500E-02    0.337500E-02
14            0.159482E-02    0.926125E+00    0.646250E-01    0.625000E-02    0.300000E-02
15           -0.150216E-02    0.926500E+00    0.668750E-01    0.437500E-02    0.225000E-02
16           -0.129062E-02    0.920500E+00    0.711250E-01    0.612500E-02    0.225000E-02
17           -0.875211E-02    0.911375E+00    0.680000E-01    0.126250E-01    0.800000E-02
18            0.749386E-02    0.913625E+00    0.697500E-01    0.120000E-01    0.462500E-02
19            0.488563E-04    0.933625E+00    0.601250E-01    0.525000E-02    0.100000E-02
20            0.252985E-04    0.929375E+00    0.638750E-01    0.487500E-02    0.187500E-02
21           -0.843822E-01    0.805375E+00    0.755000E-01    0.407500E-01    0.783750E-01
22           -0.194164E-02    0.931625E+00    0.616250E-01    0.475000E-02    0.200000E-02
23           -0.149725E-01    0.901750E+00    0.703750E-01    0.153750E-01    0.125000E-01
24           -0.392223E-02    0.922000E+00    0.676250E-01    0.712500E-02    0.325000E-02
25           -0.229496E-03    0.924875E+00    0.668750E-01    0.637500E-02    0.187500E-02
26           -0.952825E-06    0.924875E+00    0.665000E-01    0.675000E-02    0.187500E-02
27            0.229850E-02    0.929500E+00    0.630000E-01    0.562500E-02    0.187500E-02
28            0.565632E-03    0.928875E+00    0.630000E-01    0.562500E-02    0.250000E-02
29            0.249612E-02    0.926125E+00    0.637500E-01    0.750000E-02    0.262500E-02
30           -0.433100E-02    0.925125E+00    0.640000E-01    0.775000E-02    0.312500E-02
31           -0.129755E-02    0.927250E+00    0.635000E-01    0.687500E-02    0.237500E-02
32           -0.299044E-02    0.929375E+00    0.621250E-01    0.612500E-02    0.237500E-02
33           -0.415774E-02    0.919000E+00    0.705000E-01    0.825000E-02    0.225000E-02
34           -0.433713E-02    0.922500E+00    0.655000E-01    0.937500E-02    0.262500E-02
35            0.690573E-03    0.930000E+00    0.620000E-01    0.575000E-02    0.225000E-02
36           -0.135176E-02    0.929250E+00    0.623750E-01    0.750000E-02    0.875000E-03
38           -0.171802E-02    0.928875E+00    0.633750E-01    0.550000E-02    0.225000E-02
39            0.316032E-02    0.926500E+00    0.638750E-01    0.600000E-02    0.362500E-02
40           -0.691366E-03    0.926500E+00    0.658750E-01    0.550000E-02    0.212500E-02
41           -0.308060E-02    0.922125E+00    0.681250E-01    0.712500E-02    0.262500E-02
42            0.574249E-02    0.917250E+00    0.698750E-01    0.775000E-02    0.512500E-02
43           -0.331465E-03    0.929625E+00    0.642500E-01    0.412500E-02    0.200000E-02
44           -0.637289E-03    0.932875E+00    0.597500E-01    0.475000E-02    0.262500E-02
45            0.646309E-02    0.909500E+00    0.760000E-01    0.950000E-02    0.500000E-02
46            0.702764E-02    0.910625E+00    0.733750E-01    0.105000E-01    0.550000E-02
47           -0.154468E-02    0.920250E+00    0.691250E-01    0.775000E-02    0.287500E-02
48           -0.515400E-02    0.918000E+00    0.686250E-01    0.987500E-02    0.350000E-02
49           -0.262539E-02    0.923875E+00    0.680000E-01    0.537500E-02    0.275000E-02
50            0.602798E-03    0.927000E+00    0.647500E-01    0.700000E-02    0.125000E-02
51           -0.272188E-02    0.925375E+00    0.665000E-01    0.600000E-02    0.212500E-02
52           -0.785077E-03    0.924500E+00    0.662500E-01    0.687500E-02    0.237500E-02
53           -0.723820E-02    0.913375E+00    0.696250E-01    0.111250E-01    0.587500E-02
54            0.176109E-02    0.927875E+00    0.631250E-01    0.750000E-02    0.150000E-02
55            0.202397E-02    0.929375E+00    0.608750E-01    0.687500E-02    0.287500E-02
56           -0.333489E-02    0.924250E+00    0.626250E-01    0.975000E-02    0.337500E-02
57           -0.130690E-01    0.898375E+00    0.747500E-01    0.158750E-01    0.110000E-01
58           -0.729193E-03    0.925750E+00    0.666250E-01    0.550000E-02    0.212500E-02
59            0.151231E-02    0.931500E+00    0.607500E-01    0.550000E-02    0.225000E-02
60           -0.137367E-02    0.929625E+00    0.633750E-01    0.562500E-02    0.137500E-02
61           -0.207221E-02    0.927250E+00    0.636250E-01    0.687500E-02    0.225000E-02
62           -0.161968E-02    0.927750E+00    0.635000E-01    0.625000E-02    0.250000E-02
63            0.145531E-02    0.924625E+00    0.676250E-01    0.625000E-02    0.150000E-02
65            0.299770E-02    0.922875E+00    0.672500E-01    0.687500E-02    0.300000E-02
66           -0.123799E-01    0.906875E+00    0.706250E-01    0.125000E-01    0.100000E-01
67            0.139275E-02    0.919375E+00    0.717500E-01    0.575000E-02    0.312500E-02
68            0.282551E-02    0.922375E+00    0.657500E-01    0.850000E-02    0.337500E-02
69           -0.316875E-02    0.921625E+00    0.693750E-01    0.612500E-02    0.287500E-02
70           -0.193813E-02    0.930125E+00    0.616250E-01    0.512500E-02    0.312500E-02
71           -0.357804E-02    0.921875E+00    0.668750E-01    0.762500E-02    0.362500E-02
72           -0.235359E-02    0.926250E+00    0.652500E-01    0.637500E-02    0.212500E-02
73           -0.423867E-02    0.920250E+00    0.685000E-01    0.762500E-02    0.362500E-02
74            0.262302E-02    0.927375E+00    0.650000E-01    0.475000E-02    0.287500E-02
75           -0.766664E-03    0.932375E+00    0.607500E-01    0.550000E-02    0.137500E-02
76           -0.315766E-04    0.926500E+00    0.661250E-01    0.562500E-02    0.175000E-02
77           -0.115816E-02    0.927125E+00    0.670000E-01    0.475000E-02    0.112500E-02
78            0.380290E-02    0.921000E+00    0.687500E-01    0.725000E-02    0.300000E-02
79            0.411308E-02    0.920125E+00    0.681250E-01    0.875000E-02    0.300000E-02
80            0.612006E-03    0.929375E+00    0.635000E-01    0.512500E-02    0.200000E-02
81            0.210244E-02    0.929000E+00    0.621250E-01    0.650000E-02    0.237500E-02
82            0.294130E-02    0.925125E+00    0.648750E-01    0.612500E-02    0.387500E-02
83           -0.165630E-02    0.924125E+00    0.676250E-01    0.600000E-02    0.225000E-02
84           -0.792493E-02    0.915375E+00    0.666250E-01    0.113750E-01    0.662500E-02
85           -0.945974E-02    0.908625E+00    0.720000E-01    0.122500E-01    0.712500E-02
87           -0.361577E-02    0.924250E+00    0.651250E-01    0.687500E-02    0.375000E-02
88            0.122766E-02    0.927500E+00    0.640000E-01    0.525000E-02    0.325000E-02
89            0.923861E-02    0.911750E+00    0.686250E-01    0.111250E-01    0.850000E-02
90            0.139240E-02    0.931750E+00    0.622500E-01    0.475000E-02    0.125000E-02
91            0.951362E-02    0.907750E+00    0.741250E-01    0.987500E-02    0.825000E-02
92            0.141901E-02    0.924125E+00    0.682500E-01    0.575000E-02    0.187500E-02
93            0.701230E-02    0.919375E+00    0.662500E-01    0.825000E-02    0.612500E-02
94           -0.323276E-02    0.919750E+00    0.696250E-01    0.625000E-02    0.437500E-02
95           -0.281490E-02    0.918625E+00    0.696250E-01    0.800000E-02    0.375000E-02
96           -0.751579E-02    0.916875E+00    0.675000E-01    0.101250E-01    0.550000E-02
97           -0.156889E-01    0.895500E+00    0.760000E-01    0.157500E-01    0.127500E-01
98            0.217691E-01    0.894750E+00    0.702500E-01    0.162500E-01    0.187500E-01
99            0.168133E-02    0.924250E+00    0.661250E-01    0.725000E-02    0.237500E-02
100          -0.140227E-02    0.928125E+00    0.622500E-01    0.687500E-02    0.275000E-02
101          -0.301135E-03    0.926125E+00    0.655000E-01    0.737500E-02    0.100000E-02
102          -0.103400E-02    0.920125E+00    0.688750E-01    0.700000E-02    0.400000E-02
105           0.564628E-02    0.918375E+00    0.685000E-01    0.850000E-02    0.462500E-02
106           0.346511E-02    0.925000E+00    0.641250E-01    0.762500E-02    0.325000E-02
107          -0.536280E-02    0.915000E+00    0.700000E-01    0.950000E-02    0.550000E-02
110           0.141366E-02    0.926875E+00    0.653750E-01    0.562500E-02    0.212500E-02
111           0.260820E-02    0.923625E+00    0.665000E-01    0.650000E-02    0.337500E-02
112           0.130309E-02    0.926500E+00    0.645000E-01    0.687500E-02    0.212500E-02
113           0.574288E-02    0.922875E+00    0.638750E-01    0.900000E-02    0.425000E-02
114          -0.959641E-02    0.908875E+00    0.707500E-01    0.113750E-01    0.900000E-02
115           0.371440E-02    0.925000E+00    0.640000E-01    0.762500E-02    0.337500E-02
116          -0.981538E-02    0.909375E+00    0.707500E-01    0.111250E-01    0.875000E-02
117          -0.115582E-01    0.905625E+00    0.717500E-01    0.138750E-01    0.875000E-02
118          -0.874862E-02    0.914250E+00    0.696250E-01    0.962500E-02    0.650000E-02
120          -0.137653E-01    0.903500E+00    0.703750E-01    0.161250E-01    0.100000E-01
121          -0.709405E-03    0.925375E+00    0.665000E-01    0.600000E-02    0.212500E-02
122           0.181822E-02    0.930750E+00    0.611250E-01    0.587500E-02    0.225000E-02
123          -0.748051E-02    0.915500E+00    0.676250E-01    0.103750E-01    0.650000E-02
124           0.773995E-03    0.926250E+00    0.637500E-01    0.837500E-02    0.162500E-02
125          -0.184766E-02    0.924125E+00    0.672500E-01    0.675000E-02    0.187500E-02
126           0.153270E-01    0.899750E+00    0.730000E-01    0.141250E-01    0.131250E-01
127          -0.124170E-01    0.908500E+00    0.692500E-01    0.121250E-01    0.101250E-01
128          -0.550121E-02    0.918250E+00    0.688750E-01    0.862500E-02    0.425000E-02
129          -0.682380E-02    0.914375E+00    0.682500E-01    0.113750E-01    0.600000E-02
130          -0.120579E-01    0.908625E+00    0.681250E-01    0.146250E-01    0.862500E-02
131          -0.273601E-02    0.922375E+00    0.668750E-01    0.687500E-02    0.387500E-02
132          -0.372798E-01    0.868500E+00    0.737500E-01    0.227500E-01    0.350000E-01
133           0.507928E-03    0.921750E+00    0.683750E-01    0.750000E-02    0.237500E-02
135           0.570472E-02    0.918125E+00    0.681250E-01    0.900000E-02    0.475000E-02
136           0.164550E-02    0.923375E+00    0.671250E-01    0.575000E-02    0.375000E-02
137           0.859677E-02    0.913250E+00    0.698750E-01    0.975000E-02    0.712500E-02
138           0.711209E-02    0.918125E+00    0.668750E-01    0.912500E-02    0.587500E-02
139          -0.114322E-02    0.932625E+00    0.606250E-01    0.537500E-02    0.137500E-02
140          -0.311612E-02    0.919250E+00    0.700000E-01    0.762500E-02    0.312500E-02
141           0.797044E-01    0.818500E+00    0.757500E-01    0.353750E-01    0.703750E-01
142           0.187219E-02    0.924875E+00    0.655000E-01    0.737500E-02    0.225000E-02
143           0.153481E-02    0.926625E+00    0.636250E-01    0.662500E-02    0.312500E-02
144           0.360693E-02    0.922125E+00    0.665000E-01    0.875000E-02    0.262500E-02
145          -0.250242E+00    0.673375E+00    0.658750E-01    0.483750E-01    0.212375E+00
146           0.610066E-02    0.912375E+00    0.721250E-01    0.975000E-02    0.575000E-02
147          -0.533667E-03    0.929750E+00    0.623750E-01    0.625000E-02    0.162500E-02
148           0.178902E-02    0.927250E+00    0.645000E-01    0.587500E-02    0.237500E-02
149           0.439584E-02    0.924500E+00    0.623750E-01    0.862500E-02    0.450000E-02
150          -0.430383E-02    0.920000E+00    0.670000E-01    0.900000E-02    0.400000E-02
151           0.254193E-01    0.881875E+00    0.772500E-01    0.200000E-01    0.208750E-01
152          -0.507145E-04    0.924750E+00    0.666250E-01    0.637500E-02    0.225000E-02
153           0.821506E-01    0.826000E+00    0.718750E-01    0.231250E-01    0.790000E-01
154           0.231711E-02    0.920750E+00    0.677500E-01    0.787500E-02    0.362500E-02
155           0.245374E-02    0.924125E+00    0.673750E-01    0.525000E-02    0.325000E-02
156           0.412651E-02    0.922000E+00    0.655000E-01    0.887500E-02    0.362500E-02
157           0.621313E-03    0.929000E+00    0.617500E-01    0.587500E-02    0.337500E-02
158           0.415258E-02    0.923375E+00    0.631250E-01    0.850000E-02    0.500000E-02
159           0.548659E-02    0.920875E+00    0.665000E-01    0.787500E-02    0.475000E-02
160           0.495176E-02    0.919500E+00    0.662500E-01    0.775000E-02    0.650000E-02
161          -0.861660E-03    0.926000E+00    0.641250E-01    0.812500E-02    0.175000E-02
162           0.326741E-02    0.925625E+00    0.637500E-01    0.687500E-02    0.375000E-02
163           0.421848E-01    0.867000E+00    0.743750E-01    0.207500E-01    0.378750E-01
164          -0.142072E-01    0.897625E+00    0.750000E-01    0.170000E-01    0.103750E-01
165          -0.490661E-03    0.924125E+00    0.656250E-01    0.687500E-02    0.337500E-02
166           0.759792E-03    0.923125E+00    0.656250E-01    0.762500E-02    0.362500E-02
167           0.510283E-02    0.920625E+00    0.643750E-01    0.850000E-02    0.650000E-02
168          -0.130173E-01    0.905250E+00    0.700000E-01    0.133750E-01    0.113750E-01
169          -0.149587E+00    0.770875E+00    0.651250E-01    0.291250E-01    0.134875E+00
170           0.192812E-03    0.924500E+00    0.647500E-01    0.787500E-02    0.287500E-02
171           0.469894E-03    0.926500E+00    0.658750E-01    0.487500E-02    0.275000E-02
172          -0.383202E-02    0.920000E+00    0.685000E-01    0.812500E-02    0.337500E-02
173           0.268181E-01    0.888875E+00    0.687500E-01    0.195000E-01    0.228750E-01
174           0.884879E-02    0.910875E+00    0.696250E-01    0.121250E-01    0.737500E-02
175          -0.258909E-02    0.926750E+00    0.633750E-01    0.662500E-02    0.325000E-02
176          -0.838486E-02    0.909875E+00    0.723750E-01    0.117500E-01    0.600000E-02
177           0.140443E-02    0.923500E+00    0.657500E-01    0.800000E-02    0.275000E-02
178           0.121526E-02    0.926875E+00    0.641250E-01    0.625000E-02    0.275000E-02
179          -0.575893E-03    0.925000E+00    0.660000E-01    0.712500E-02    0.187500E-02
180          -0.224284E-01    0.897625E+00    0.666250E-01    0.156250E-01    0.201250E-01
181          -0.187543E+00    0.746625E+00    0.676250E-01    0.283750E-01    0.157375E+00
182          -0.156841E-01    0.904000E+00    0.687500E-01    0.136250E-01    0.136250E-01
183          -0.132642E+00    0.786375E+00    0.667500E-01    0.325000E-01    0.114375E+00
184           0.314239E-01    0.880500E+00    0.738750E-01    0.196250E-01    0.260000E-01
185          -0.487114E-01    0.860250E+00    0.750000E-01    0.238750E-01    0.408750E-01
186           0.239632E-03    0.921750E+00    0.680000E-01    0.700000E-02    0.325000E-02
187          -0.657858E-02    0.918500E+00    0.658750E-01    0.103750E-01    0.525000E-02
188           0.720851E-02    0.915125E+00    0.681250E-01    0.102500E-01    0.650000E-02
189          -0.198228E+00    0.722625E+00    0.680000E-01    0.348750E-01    0.174500E+00
190           0.626886E-02    0.914500E+00    0.676250E-01    0.130000E-01    0.487500E-02
191          -0.102619E-02    0.924875E+00    0.665000E-01    0.600000E-02    0.262500E-02
192          -0.121052E-03    0.921750E+00    0.681250E-01    0.712500E-02    0.300000E-02
193           0.310544E-02    0.923125E+00    0.653750E-01    0.800000E-02    0.350000E-02
194           0.293909E-02    0.925500E+00    0.647500E-01    0.687500E-02    0.287500E-02
195           0.622099E-01    0.854250E+00    0.691250E-01    0.217500E-01    0.548750E-01
196          -0.263054E-02    0.918250E+00    0.721250E-01    0.700000E-02    0.262500E-02
197          -0.132158E-01    0.900625E+00    0.740000E-01    0.135000E-01    0.118750E-01
198          -0.104184E-02    0.929125E+00    0.622500E-01    0.687500E-02    0.175000E-02
199          -0.419711E-01    0.860375E+00    0.752500E-01    0.273750E-01    0.370000E-01
200           0.221232E-01    0.896000E+00    0.675000E-01    0.168750E-01    0.196250E-01
201          -0.684111E-01    0.840875E+00    0.758750E-01    0.251250E-01    0.581250E-01
202          -0.108015E-02    0.924000E+00    0.661250E-01    0.725000E-02    0.262500E-02
203           0.169443E-01    0.898625E+00    0.687500E-01    0.165000E-01    0.161250E-01
204          -0.248940E-02    0.926375E+00    0.615000E-01    0.950000E-02    0.262500E-02
205           0.924818E-02    0.907375E+00    0.736250E-01    0.118750E-01    0.712500E-02
206           0.322070E-02    0.921625E+00    0.665000E-01    0.925000E-02    0.262500E-02
207          -0.145381E-02    0.921250E+00    0.682500E-01    0.712500E-02    0.337500E-02
208           0.253718E-01    0.886375E+00    0.728750E-01    0.178750E-01    0.228750E-01
209          -0.196190E-02    0.927000E+00    0.637500E-01    0.700000E-02    0.225000E-02
210          -0.139890E-02    0.922625E+00    0.687500E-01    0.700000E-02    0.162500E-02
211          -0.343466E-02    0.920625E+00    0.675000E-01    0.812500E-02    0.375000E-02
212          -0.239507E-02    0.921625E+00    0.690000E-01    0.637500E-02    0.300000E-02
213          -0.302644E-02    0.926000E+00    0.632500E-01    0.625000E-02    0.450000E-02
214          -0.178624E-02    0.925250E+00    0.665000E-01    0.650000E-02    0.175000E-02
216           0.541479E-02    0.918375E+00    0.681250E-01    0.900000E-02    0.450000E-02
218           0.248450E-02    0.925500E+00    0.652500E-01    0.662500E-02    0.262500E-02
219          -0.273251E-02    0.926250E+00    0.646250E-01    0.687500E-02    0.225000E-02
220          -0.154888E-02    0.928750E+00    0.631250E-01    0.575000E-02    0.237500E-02
221           0.411066E-02    0.922625E+00    0.651250E-01    0.900000E-02    0.325000E-02
222          -0.179057E-02    0.923500E+00    0.673750E-01    0.687500E-02    0.225000E-02
223          -0.186390E-03    0.928625E+00    0.635000E-01    0.600000E-02    0.187500E-02
224           0.959844E-02    0.906500E+00    0.735000E-01    0.117500E-01    0.825000E-02
225          -0.167517E-02    0.927500E+00    0.630000E-01    0.725000E-02    0.225000E-02
226          -0.305559E-01    0.878625E+00    0.745000E-01    0.193750E-01    0.275000E-01
227           0.352441E-02    0.922500E+00    0.667500E-01    0.762500E-02    0.312500E-02
228           0.675426E-02    0.922375E+00    0.645000E-01    0.712500E-02    0.600000E-02
229          -0.396218E-02    0.919500E+00    0.675000E-01    0.100000E-01    0.300000E-02
230           0.231750E-02    0.927000E+00    0.647500E-01    0.575000E-02    0.250000E-02
231          -0.329569E-02    0.924625E+00    0.641250E-01    0.762500E-02    0.362500E-02
232          -0.525846E-02    0.916875E+00    0.682500E-01    0.975000E-02    0.512500E-02
233           0.154914E-02    0.926875E+00    0.631250E-01    0.650000E-02    0.350000E-02
234          -0.781656E-03    0.927500E+00    0.648750E-01    0.587500E-02    0.175000E-02
236           0.108047E-02    0.923250E+00    0.668750E-01    0.837500E-02    0.150000E-02
237          -0.645367E-02    0.914750E+00    0.708750E-01    0.100000E-01    0.437500E-02
238          -0.261186E-02    0.928625E+00    0.653750E-01    0.337500E-02    0.262500E-02
239           0.594004E-03    0.928875E+00    0.636250E-01    0.487500E-02    0.262500E-02
240           0.174573E-02    0.929125E+00    0.620000E-01    0.737500E-02    0.150000E-02
242           0.317412E-03    0.923500E+00    0.671250E-01    0.712500E-02    0.225000E-02
243           0.203048E-02    0.920000E+00    0.708750E-01    0.662500E-02    0.250000E-02
244          -0.128481E-02    0.929125E+00    0.625000E-01    0.612500E-02    0.225000E-02
245           0.323182E-02    0.926375E+00    0.641250E-01    0.537500E-02    0.412500E-02
246          -0.311019E-02    0.924250E+00    0.658750E-01    0.650000E-02    0.337500E-02
247           0.166439E-02    0.927125E+00    0.635000E-01    0.712500E-02    0.225000E-02
248          -0.993444E-04    0.930000E+00    0.636250E-01    0.475000E-02    0.162500E-02
249           0.118261E-01    0.904125E+00    0.741250E-01    0.126250E-01    0.912500E-02
250          -0.811057E-02    0.912125E+00    0.707500E-01    0.103750E-01    0.675000E-02
251           0.181282E-02    0.928000E+00    0.625000E-01    0.612500E-02    0.337500E-02
252          -0.135697E-03    0.930500E+00    0.616250E-01    0.512500E-02    0.275000E-02
253           0.194662E-02    0.923375E+00    0.690000E-01    0.512500E-02    0.250000E-02
254           0.558871E-02    0.914625E+00    0.726250E-01    0.912500E-02    0.362500E-02
256          -0.635817E-02    0.912625E+00    0.717500E-01    0.937500E-02    0.625000E-02
257           0.739277E-03    0.928000E+00    0.647500E-01    0.587500E-02    0.137500E-02
258          -0.312184E-03    0.922375E+00    0.695000E-01    0.625000E-02    0.187500E-02
259          -0.661721E-03    0.929250E+00    0.617500E-01    0.612500E-02    0.287500E-02
260          -0.408948E-02    0.920750E+00    0.677500E-01    0.912500E-02    0.237500E-02
261          -0.344923E-02    0.924375E+00    0.658750E-01    0.725000E-02    0.250000E-02
262           0.211521E-04    0.929875E+00    0.640000E-01    0.487500E-02    0.125000E-02
263           0.199429E-02    0.929375E+00    0.626250E-01    0.550000E-02    0.250000E-02
265           0.443125E-02    0.920875E+00    0.673750E-01    0.712500E-02    0.462500E-02
266           0.455790E-02    0.919625E+00    0.680000E-01    0.925000E-02    0.312500E-02
267           0.518486E-02    0.923750E+00    0.633750E-01    0.812500E-02    0.475000E-02
268           0.231577E-02    0.927000E+00    0.630000E-01    0.787500E-02    0.212500E-02
269           0.524205E-02    0.919250E+00    0.670000E-01    0.825000E-02    0.550000E-02
270           0.116780E-03    0.927250E+00    0.642500E-01    0.637500E-02    0.212500E-02
271           0.885262E-04    0.928500E+00    0.628750E-01    0.600000E-02    0.262500E-02
272           0.386930E-03    0.923875E+00    0.665000E-01    0.775000E-02    0.187500E-02
273           0.321423E-03    0.922875E+00    0.680000E-01    0.775000E-02    0.137500E-02
274          -0.243735E-03    0.929000E+00    0.632500E-01    0.650000E-02    0.125000E-02
275          -0.727935E-03    0.931250E+00    0.607500E-01    0.562500E-02    0.237500E-02
276           0.100173E-02    0.929500E+00    0.621250E-01    0.662500E-02    0.175000E-02
277           0.117440E-02    0.925125E+00    0.673750E-01    0.512500E-02    0.237500E-02
278           0.161454E-02    0.923000E+00    0.695000E-01    0.437500E-02    0.312500E-02
279           0.113385E-02    0.928500E+00    0.631250E-01    0.625000E-02    0.212500E-02
280           0.862573E-03    0.927375E+00    0.642500E-01    0.625000E-02    0.212500E-02
281          -0.107430E-02    0.926500E+00    0.651250E-01    0.500000E-02    0.337500E-02
282           0.285913E-02    0.924250E+00    0.672500E-01    0.700000E-02    0.150000E-02
283          -0.680669E-03    0.928500E+00    0.638750E-01    0.575000E-02    0.187500E-02
287           0.618349E-03    0.929750E+00    0.640000E-01    0.487500E-02    0.137500E-02
288           0.588940E-03    0.929000E+00    0.650000E-01    0.475000E-02    0.125000E-02
290          -0.883057E-03    0.927875E+00    0.620000E-01    0.812500E-02    0.200000E-02
291          -0.946548E-03    0.930000E+00    0.617500E-01    0.637500E-02    0.187500E-02
292          -0.253228E-03    0.926500E+00    0.663750E-01    0.500000E-02    0.212500E-02
294          -0.230788E-02    0.927875E+00    0.625000E-01    0.825000E-02    0.137500E-02
295           0.575895E-03    0.925250E+00    0.676250E-01    0.500000E-02    0.212500E-02
296          -0.199423E-02    0.927500E+00    0.625000E-01    0.700000E-02    0.300000E-02
297          -0.583867E-02    0.915625E+00    0.712500E-01    0.862500E-02    0.450000E-02
298           0.769608E-03    0.928500E+00    0.638750E-01    0.587500E-02    0.175000E-02
299           0.320324E-04    0.929750E+00    0.616250E-01    0.712500E-02    0.150000E-02
300          -0.147610E-02    0.925000E+00    0.660000E-01    0.612500E-02    0.287500E-02
301          -0.273712E-03    0.926125E+00    0.660000E-01    0.575000E-02    0.212500E-02
302          -0.166514E-02    0.926500E+00    0.637500E-01    0.775000E-02    0.200000E-02
303           0.204059E-03    0.926000E+00    0.640000E-01    0.800000E-02    0.200000E-02
304           0.357555E-03    0.929125E+00    0.635000E-01    0.537500E-02    0.200000E-02
305          -0.226798E-02    0.923125E+00    0.672500E-01    0.662500E-02    0.300000E-02
306          -0.262971E-02    0.930500E+00    0.606250E-01    0.637500E-02    0.250000E-02
307           0.274385E-04    0.931000E+00    0.612500E-01    0.575000E-02    0.200000E-02
308          -0.358260E-02    0.918625E+00    0.696250E-01    0.837500E-02    0.337500E-02
309          -0.459335E-03    0.926000E+00    0.655000E-01    0.625000E-02    0.225000E-02
310          -0.355843E-02    0.921750E+00    0.665000E-01    0.825000E-02    0.350000E-02
311          -0.101728E-02    0.926125E+00    0.651250E-01    0.650000E-02    0.225000E-02
312          -0.354986E-02    0.923250E+00    0.672500E-01    0.712500E-02    0.237500E-02
313           0.267681E-03    0.926125E+00    0.672500E-01    0.500000E-02    0.162500E-02
314           0.102732E-02    0.927875E+00    0.635000E-01    0.587500E-02    0.275000E-02
315          -0.548714E-02    0.920750E+00    0.640000E-01    0.106250E-01    0.462500E-02
316           0.335938E-02    0.923125E+00    0.665000E-01    0.662500E-02    0.375000E-02
317          -0.647154E-03    0.927500E+00    0.631250E-01    0.675000E-02    0.262500E-02
318           0.160330E-02    0.926500E+00    0.661250E-01    0.525000E-02    0.212500E-02
319           0.643605E-03    0.924625E+00    0.657500E-01    0.662500E-02    0.300000E-02
320           0.165141E-02    0.925250E+00    0.657500E-01    0.712500E-02    0.187500E-02
321           0.301484E-02    0.925875E+00    0.647500E-01    0.675000E-02    0.262500E-02
322           0.304963E-02    0.921375E+00    0.678750E-01    0.712500E-02    0.362500E-02
323          -0.143898E-03    0.932125E+00    0.605000E-01    0.512500E-02    0.225000E-02
324           0.177369E-02    0.924875E+00    0.666250E-01    0.612500E-02    0.237500E-02
325          -0.435174E-03    0.927500E+00    0.642500E-01    0.650000E-02    0.175000E-02
326           0.396910E-03    0.928500E+00    0.633750E-01    0.625000E-02    0.187500E-02
327           0.218939E-02    0.926875E+00    0.642500E-01    0.637500E-02    0.250000E-02
328           0.218096E-03    0.927625E+00    0.663750E-01    0.425000E-02    0.175000E-02
329           0.827740E-03    0.924000E+00    0.675000E-01    0.700000E-02    0.150000E-02
330          -0.476180E-03    0.928125E+00    0.648750E-01    0.550000E-02    0.150000E-02
331           0.251881E-02    0.922750E+00    0.682500E-01    0.612500E-02    0.287500E-02
332          -0.180754E-02    0.925750E+00    0.658750E-01    0.700000E-02    0.137500E-02
333           0.294765E-02    0.922875E+00    0.667500E-01    0.850000E-02    0.187500E-02
334          -0.116608E-02    0.925250E+00    0.653750E-01    0.712500E-02    0.225000E-02
335           0.676492E-02    0.915625E+00    0.688750E-01    0.116250E-01    0.387500E-02
336          -0.248630E-02    0.924375E+00    0.670000E-01    0.550000E-02    0.312500E-02
338           0.326972E-02    0.922250E+00    0.665000E-01    0.875000E-02    0.250000E-02
339          -0.219720E-02    0.926500E+00    0.641250E-01    0.737500E-02    0.200000E-02
341          -0.157866E-02    0.925500E+00    0.658750E-01    0.625000E-02    0.237500E-02
342          -0.941916E-03    0.925625E+00    0.642500E-01    0.812500E-02    0.200000E-02
343           0.213575E-02    0.925250E+00    0.638750E-01    0.787500E-02    0.300000E-02
344           0.397614E-02    0.918875E+00    0.692500E-01    0.850000E-02    0.337500E-02
345           0.115170E-02    0.923625E+00    0.678750E-01    0.575000E-02    0.275000E-02
346          -0.114374E-01    0.911250E+00    0.671250E-01    0.975000E-02    0.118750E-01
347           0.697227E-02    0.915250E+00    0.706250E-01    0.937500E-02    0.475000E-02
348           0.270295E-02    0.919000E+00    0.707500E-01    0.762500E-02    0.262500E-02
349          -0.749635E-02    0.922750E+00    0.625000E-01    0.837500E-02    0.637500E-02
350          -0.315288E-02    0.924750E+00    0.647500E-01    0.775000E-02    0.275000E-02
351           0.133274E-02    0.922875E+00    0.701250E-01    0.512500E-02    0.187500E-02
352           0.531391E-02    0.917000E+00    0.702500E-01    0.925000E-02    0.350000E-02
353           0.584190E-03    0.922500E+00    0.692500E-01    0.600000E-02    0.225000E-02
354          -0.658431E-03    0.922875E+00    0.682500E-01    0.587500E-02    0.300000E-02
355           0.574417E-03    0.926000E+00    0.641250E-01    0.812500E-02    0.175000E-02
356           0.847968E-03    0.931500E+00    0.608750E-01    0.575000E-02    0.187500E-02
357          -0.728980E-03    0.921375E+00    0.697500E-01    0.712500E-02    0.175000E-02
358           0.352453E-02    0.922000E+00    0.676250E-01    0.800000E-02    0.237500E-02
360           0.273555E-02    0.925750E+00    0.656250E-01    0.650000E-02    0.212500E-02
361           0.155996E-02    0.925125E+00    0.653750E-01    0.587500E-02    0.362500E-02
363          -0.249126E-02    0.926625E+00    0.660000E-01    0.450000E-02    0.287500E-02
364           0.419594E-02    0.923125E+00    0.657500E-01    0.787500E-02    0.325000E-02
365          -0.129571E-01    0.907125E+00    0.703750E-01    0.112500E-01    0.112500E-01
366          -0.420418E-02    0.918500E+00    0.703750E-01    0.800000E-02    0.312500E-02
367          -0.581312E-03    0.929750E+00    0.621250E-01    0.650000E-02    0.162500E-02
368          -0.309186E-02    0.922125E+00    0.685000E-01    0.612500E-02    0.325000E-02
370          -0.430043E-02    0.921250E+00    0.690000E-01    0.687500E-02    0.287500E-02
371          -0.205739E-02    0.929000E+00    0.623750E-01    0.687500E-02    0.175000E-02
372          -0.165028E-02    0.925750E+00    0.666250E-01    0.625000E-02    0.137500E-02
373           0.980399E-03    0.934375E+00    0.586250E-01    0.562500E-02    0.137500E-02
374          -0.124926E-02    0.929125E+00    0.618750E-01    0.700000E-02    0.200000E-02
375          -0.221556E-02    0.925375E+00    0.663750E-01    0.662500E-02    0.162500E-02
377           0.364435E-02    0.920000E+00    0.683750E-01    0.862500E-02    0.300000E-02
378          -0.619549E-02    0.919125E+00    0.656250E-01    0.107500E-01    0.450000E-02
379           0.821302E-03    0.927375E+00    0.646250E-01    0.650000E-02    0.150000E-02
380          -0.660672E-02    0.913625E+00    0.717500E-01    0.102500E-01    0.437500E-02
381           0.337625E-02    0.924000E+00    0.642500E-01    0.762500E-02    0.412500E-02
382           0.190100E-02    0.927125E+00    0.627500E-01    0.750000E-02    0.262500E-02
383          -0.344935E-03    0.931625E+00    0.610000E-01    0.512500E-02    0.225000E-02
384          -0.425562E-03    0.929125E+00    0.638750E-01    0.525000E-02    0.175000E-02
385           0.377679E-02    0.920500E+00    0.672500E-01    0.900000E-02    0.325000E-02
386          -0.592715E-03    0.924125E+00    0.667500E-01    0.687500E-02    0.225000E-02
387           0.141458E-02    0.925125E+00    0.643750E-01    0.725000E-02    0.325000E-02
388          -0.166957E-02    0.921000E+00    0.701250E-01    0.775000E-02    0.112500E-02
389          -0.549476E-02    0.918375E+00    0.667500E-01    0.100000E-01    0.487500E-02
390           0.150806E-02    0.927875E+00    0.623750E-01    0.675000E-02    0.300000E-02
391          -0.593343E-02    0.912500E+00    0.742500E-01    0.975000E-02    0.350000E-02
392          -0.148647E-01    0.900250E+00    0.731250E-01    0.158750E-01    0.107500E-01
393           0.896009E-04    0.927125E+00    0.642500E-01    0.625000E-02    0.237500E-02
394           0.125571E-02    0.928125E+00    0.663750E-01    0.362500E-02    0.187500E-02
395           0.116343E-03    0.929750E+00    0.627500E-01    0.625000E-02    0.125000E-02
396           0.302617E-02    0.925875E+00    0.640000E-01    0.850000E-02    0.162500E-02
397           0.445115E-02    0.919750E+00    0.677500E-01    0.825000E-02    0.425000E-02
398           0.453663E-02    0.922000E+00    0.665000E-01    0.737500E-02    0.412500E-02
399          -0.721666E-02    0.915625E+00    0.672500E-01    0.122500E-01    0.487500E-02
400          -0.580035E-02    0.911875E+00    0.712500E-01    0.117500E-01    0.512500E-02
401          -0.202580E-02    0.927625E+00    0.647500E-01    0.587500E-02    0.175000E-02
402          -0.556075E-02    0.918250E+00    0.683750E-01    0.937500E-02    0.400000E-02
403          -0.334476E-03    0.922625E+00    0.690000E-01    0.650000E-02    0.187500E-02
404           0.265626E-05    0.932875E+00    0.588750E-01    0.637500E-02    0.187500E-02
405          -0.428280E-03    0.928250E+00    0.632500E-01    0.662500E-02    0.187500E-02
406           0.692555E-02    0.919875E+00    0.643750E-01    0.100000E-01    0.575000E-02
407           0.154851E-02    0.930250E+00    0.602500E-01    0.650000E-02    0.300000E-02
408           0.176775E-02    0.927625E+00    0.645000E-01    0.537500E-02    0.250000E-02
409          -0.398945E-02    0.920250E+00    0.683750E-01    0.812500E-02    0.325000E-02
410           0.486259E-02    0.924000E+00    0.630000E-01    0.900000E-02    0.400000E-02
411          -0.117846E-01    0.909125E+00    0.683750E-01    0.130000E-01    0.950000E-02
412           0.724604E-02    0.912750E+00    0.706250E-01    0.108750E-01    0.575000E-02
413          -0.419201E-03    0.927125E+00    0.656250E-01    0.462500E-02    0.262500E-02
414          -0.449024E-03    0.928000E+00    0.655000E-01    0.400000E-02    0.250000E-02
415          -0.106422E-02    0.930625E+00    0.608750E-01    0.637500E-02    0.212500E-02
416          -0.651304E-02    0.917750E+00    0.676250E-01    0.950000E-02    0.512500E-02
417           0.221940E-02    0.928000E+00    0.633750E-01    0.712500E-02    0.150000E-02
418           0.616064E-03    0.925750E+00    0.660000E-01    0.687500E-02    0.137500E-02
419           0.187770E-03    0.928250E+00    0.655000E-01    0.487500E-02    0.137500E-02
420          -0.416007E-02    0.917375E+00    0.721250E-01    0.837500E-02    0.212500E-02
421          -0.813335E-03    0.928750E+00    0.635000E-01    0.537500E-02    0.237500E-02
422           0.147356E-02    0.927875E+00    0.640000E-01    0.612500E-02    0.200000E-02
423           0.100529E-02    0.929625E+00    0.606250E-01    0.712500E-02    0.262500E-02
424          -0.549834E-02    0.918625E+00    0.690000E-01    0.837500E-02    0.400000E-02
425          -0.298671E-02    0.926875E+00    0.621250E-01    0.850000E-02    0.250000E-02
426          -0.658145E-03    0.929500E+00    0.612500E-01    0.625000E-02    0.300000E-02
427          -0.445814E-02    0.919125E+00    0.676250E-01    0.102500E-01    0.300000E-02
428          -0.157274E-01    0.896000E+00    0.760000E-01    0.168750E-01    0.111250E-01
429          -0.131833E-01    0.902500E+00    0.733750E-01    0.140000E-01    0.101250E-01
430           0.577044E-02    0.921750E+00    0.645000E-01    0.800000E-02    0.575000E-02
431           0.582088E-02    0.922625E+00    0.622500E-01    0.937500E-02    0.575000E-02
432          -0.211249E-02    0.929250E+00    0.630000E-01    0.500000E-02    0.275000E-02
433          -0.906730E-02    0.909000E+00    0.732500E-01    0.115000E-01    0.625000E-02
434          -0.356613E-02    0.923125E+00    0.670000E-01    0.625000E-02    0.362500E-02
435          -0.189073E-02    0.925250E+00    0.676250E-01    0.500000E-02    0.212500E-02
436           0.965132E-03    0.927500E+00    0.653750E-01    0.587500E-02    0.125000E-02
437          -0.268458E-03    0.930250E+00    0.600000E-01    0.712500E-02    0.262500E-02
438          -0.802473E-03    0.921125E+00    0.693750E-01    0.650000E-02    0.300000E-02
439          -0.187852E-02    0.928125E+00    0.622500E-01    0.650000E-02    0.312500E-02
440          -0.829193E-02    0.911500E+00    0.705000E-01    0.115000E-01    0.650000E-02
441          -0.378900E-03    0.928000E+00    0.631250E-01    0.562500E-02    0.325000E-02
442          -0.365831E-02    0.921000E+00    0.666250E-01    0.912500E-02    0.325000E-02
443          -0.747758E-02    0.916500E+00    0.668750E-01    0.100000E-01    0.662500E-02
444          -0.106903E-03    0.924250E+00    0.658750E-01    0.825000E-02    0.162500E-02
445          -0.543083E-02    0.919000E+00    0.671250E-01    0.850000E-02    0.537500E-02
446          -0.964883E-03    0.927750E+00    0.620000E-01    0.775000E-02    0.250000E-02
447           0.389960E-02    0.925000E+00    0.633750E-01    0.887500E-02    0.275000E-02
448          -0.169867E-02    0.930250E+00    0.627500E-01    0.537500E-02    0.162500E-02
449          -0.120106E-02    0.925000E+00    0.660000E-01    0.612500E-02    0.287500E-02
450           0.115261E-02    0.925500E+00    0.645000E-01    0.700000E-02    0.300000E-02
451           0.878053E-03    0.926625E+00    0.652500E-01    0.587500E-02    0.225000E-02
452          -0.100769E-02    0.929375E+00    0.635000E-01    0.550000E-02    0.162500E-02
453           0.369958E-02    0.926000E+00    0.628750E-01    0.750000E-02    0.362500E-02
454           0.235844E-02    0.923750E+00    0.668750E-01    0.662500E-02    0.275000E-02
455          -0.220986E-03    0.926875E+00    0.646250E-01    0.550000E-02    0.300000E-02
456          -0.972570E-03    0.927875E+00    0.650000E-01    0.562500E-02    0.150000E-02
457          -0.789410E-03    0.931000E+00    0.613750E-01    0.600000E-02    0.162500E-02
458           0.517693E-03    0.927875E+00    0.646250E-01    0.600000E-02    0.150000E-02
459          -0.423716E-02    0.923375E+00    0.655000E-01    0.800000E-02    0.312500E-02
460           0.294373E-02    0.916875E+00    0.716250E-01    0.862500E-02    0.287500E-02
461           0.173179E-02    0.926375E+00    0.630000E-01    0.700000E-02    0.362500E-02
462           0.671403E-02    0.914250E+00    0.692500E-01    0.111250E-01    0.537500E-02
463          -0.156934E-02    0.927125E+00    0.650000E-01    0.650000E-02    0.137500E-02
464          -0.831672E-02    0.906375E+00    0.765000E-01    0.107500E-01    0.637500E-02
465          -0.752162E-02    0.909875E+00    0.715000E-01    0.118750E-01    0.675000E-02
