snpID            snpEffect            PIP1            PIP2            PIP3            PIP4
1             0.294221E-02    0.819625E+00    0.158375E+00    0.185000E-01    0.350000E-02
2            -0.163014E-02    0.849625E+00    0.143875E+00    0.487500E-02    0.162500E-02
3             0.389500E-02    0.861125E+00    0.133875E+00    0.475000E-02    0.250000E-03
4            -0.193612E-02    0.858750E+00    0.134750E+00    0.587500E-02    0.625000E-03
5            -0.363702E-02    0.853750E+00    0.133375E+00    0.108750E-01    0.200000E-02
6            -0.607439E-03    0.852500E+00    0.139250E+00    0.725000E-02    0.100000E-02
7             0.289798E-02    0.840250E+00    0.148750E+00    0.850000E-02    0.250000E-02
8            -0.279828E-02    0.863125E+00    0.129500E+00    0.637500E-02    0.100000E-02
9             0.333842E-02    0.858625E+00    0.134250E+00    0.600000E-02    0.112500E-02
11           -0.326138E-02    0.855000E+00    0.126375E+00    0.157500E-01    0.287500E-02
12            0.140149E-02    0.843000E+00    0.147375E+00    0.912500E-02    0.500000E-03
13           -0.235406E-02    0.837125E+00    0.153500E+00    0.775000E-02    0.162500E-02
14           -0.354616E-03    0.847500E+00    0.144125E+00    0.587500E-02    0.250000E-02
15           -0.206602E-02    0.851125E+00    0.141125E+00    0.675000E-02    0.100000E-02
16           -0.111810E-02    0.854125E+00    0.139250E+00    0.625000E-02    0.375000E-03
17           -0.186295E-01    0.807375E+00    0.150125E+00    0.233750E-01    0.191250E-01
18            0.227638E+00    0.600875E+00    0.150625E+00    0.468750E-01    0.201625E+00
19            0.114696E-03    0.868125E+00    0.126375E+00    0.512500E-02    0.375000E-03
20            0.296524E-02    0.848125E+00    0.138125E+00    0.102500E-01    0.350000E-02
21           -0.433273E-01    0.737000E+00    0.175875E+00    0.428750E-01    0.442500E-01
22           -0.185400E-02    0.830750E+00    0.152250E+00    0.147500E-01    0.225000E-02
23           -0.945395E-02    0.834500E+00    0.154500E+00    0.900000E-02    0.200000E-02
24           -0.321742E-02    0.846875E+00    0.144625E+00    0.750000E-02    0.100000E-02
25            0.636374E-02    0.834500E+00    0.152875E+00    0.111250E-01    0.150000E-02
26           -0.855071E-02    0.799000E+00    0.172125E+00    0.203750E-01    0.850000E-02
27            0.154723E-02    0.858625E+00    0.135250E+00    0.550000E-02    0.625000E-03
28            0.173416E-02    0.852125E+00    0.139875E+00    0.687500E-02    0.112500E-02
29           -0.430439E-03    0.862000E+00    0.128500E+00    0.837500E-02    0.112500E-02
30           -0.119240E-01    0.820625E+00    0.148625E+00    0.188750E-01    0.118750E-01
31           -0.301925E-02    0.864625E+00    0.128000E+00    0.587500E-02    0.150000E-02
32           -0.437920E-02    0.853125E+00    0.137250E+00    0.875000E-02    0.875000E-03
33           -0.609920E-02    0.848625E+00    0.139750E+00    0.100000E-01    0.162500E-02
34           -0.294122E-02    0.855500E+00    0.135250E+00    0.837500E-02    0.875000E-03
35            0.592923E-03    0.841375E+00    0.150500E+00    0.700000E-02    0.112500E-02
36            0.456393E-03    0.847250E+00    0.143625E+00    0.762500E-02    0.150000E-02
38           -0.223231E-03    0.854750E+00    0.139250E+00    0.450000E-02    0.150000E-02
39            0.277777E-02    0.843000E+00    0.149000E+00    0.725000E-02    0.750000E-03
40           -0.129313E-02    0.862750E+00    0.132875E+00    0.375000E-02    0.625000E-03
41           -0.318570E-02    0.832000E+00    0.158000E+00    0.812500E-02    0.187500E-02
42           -0.308626E-03    0.867125E+00    0.126000E+00    0.562500E-02    0.125000E-02
43           -0.742122E-02    0.836250E+00    0.134000E+00    0.190000E-01    0.107500E-01
44           -0.102649E-02    0.858375E+00    0.135125E+00    0.537500E-02    0.112500E-02
45            0.465304E-02    0.835375E+00    0.145500E+00    0.163750E-01    0.275000E-02
46            0.254818E-02    0.854500E+00    0.138375E+00    0.612500E-02    0.100000E-02
47           -0.298168E-03    0.849750E+00    0.136250E+00    0.118750E-01    0.212500E-02
48           -0.160460E-01    0.813125E+00    0.146625E+00    0.297500E-01    0.105000E-01
49           -0.239616E-02    0.850500E+00    0.143250E+00    0.512500E-02    0.112500E-02
50            0.221701E-02    0.856875E+00    0.136000E+00    0.625000E-02    0.875000E-03
51           -0.140141E-01    0.825250E+00    0.148875E+00    0.143750E-01    0.115000E-01
52           -0.106509E-02    0.870750E+00    0.124250E+00    0.387500E-02    0.112500E-02
53           -0.741304E-02    0.833500E+00    0.152500E+00    0.112500E-01    0.275000E-02
54            0.591959E-02    0.858875E+00    0.131500E+00    0.825000E-02    0.137500E-02
55           -0.106155E-02    0.851625E+00    0.140125E+00    0.662500E-02    0.162500E-02
56            0.516186E-02    0.809750E+00    0.147250E+00    0.267500E-01    0.162500E-01
57           -0.345572E-02    0.862125E+00    0.132125E+00    0.500000E-02    0.750000E-03
58           -0.196838E-02    0.863250E+00    0.128250E+00    0.712500E-02    0.137500E-02
59            0.512285E-02    0.852125E+00    0.134750E+00    0.108750E-01    0.225000E-02
60            0.347940E-02    0.840000E+00    0.151250E+00    0.712500E-02    0.162500E-02
61           -0.125974E-02    0.864250E+00    0.129500E+00    0.587500E-02    0.375000E-03
62            0.150174E-02    0.867125E+00    0.123250E+00    0.875000E-02    0.875000E-03
63           -0.552350E-03    0.827000E+00    0.162500E+00    0.887500E-02    0.162500E-02
65            0.161029E+00    0.659625E+00    0.137000E+00    0.305000E-01    0.172875E+00
66           -0.140241E-01    0.829250E+00    0.127625E+00    0.316250E-01    0.115000E-01
67            0.337579E-02    0.850875E+00    0.140875E+00    0.750000E-02    0.750000E-03
68            0.322485E-02    0.814250E+00    0.175375E+00    0.850000E-02    0.187500E-02
69           -0.148471E-02    0.858125E+00    0.135375E+00    0.562500E-02    0.875000E-03
70           -0.217039E-02    0.864250E+00    0.130375E+00    0.475000E-02    0.625000E-03
71           -0.242201E-01    0.805125E+00    0.138125E+00    0.292500E-01    0.275000E-01
72           -0.327602E-01    0.802375E+00    0.126250E+00    0.293750E-01    0.420000E-01
73           -0.363348E-02    0.846625E+00    0.143500E+00    0.812500E-02    0.175000E-02
74            0.162497E-02    0.858625E+00    0.126250E+00    0.125000E-01    0.262500E-02
75            0.531449E-02    0.833000E+00    0.159500E+00    0.612500E-02    0.137500E-02
76            0.917550E-03    0.834750E+00    0.154875E+00    0.900000E-02    0.137500E-02
77           -0.721921E-02    0.841125E+00    0.136500E+00    0.167500E-01    0.562500E-02
78            0.488387E-03    0.829625E+00    0.155250E+00    0.132500E-01    0.187500E-02
79            0.480866E-01    0.766250E+00    0.138625E+00    0.767500E-01    0.183750E-01
80           -0.102911E-02    0.866250E+00    0.125500E+00    0.800000E-02    0.250000E-03
81            0.167467E-02    0.842125E+00    0.147000E+00    0.950000E-02    0.137500E-02
82            0.114663E-02    0.846750E+00    0.141875E+00    0.102500E-01    0.112500E-02
83            0.297537E-02    0.848875E+00    0.137625E+00    0.111250E-01    0.237500E-02
84           -0.880753E-03    0.864000E+00    0.128375E+00    0.625000E-02    0.137500E-02
85           -0.352769E-01    0.782875E+00    0.160625E+00    0.203750E-01    0.361250E-01
87            0.823537E-03    0.843125E+00    0.146750E+00    0.737500E-02    0.275000E-02
88           -0.600553E-02    0.841500E+00    0.137250E+00    0.167500E-01    0.450000E-02
89            0.581834E-03    0.858375E+00    0.132250E+00    0.862500E-02    0.750000E-03
90            0.202193E-02    0.864750E+00    0.128250E+00    0.537500E-02    0.162500E-02
91            0.505231E-03    0.858750E+00    0.127750E+00    0.102500E-01    0.325000E-02
92            0.351834E-02    0.839250E+00    0.137375E+00    0.177500E-01    0.562500E-02
93            0.727738E-02    0.831375E+00    0.156250E+00    0.103750E-01    0.200000E-02
94            0.274509E-02    0.858125E+00    0.128125E+00    0.110000E-01    0.275000E-02
95           -0.409101E-02    0.832000E+00    0.156750E+00    0.900000E-02    0.225000E-02
96           -0.126276E-01    0.822125E+00    0.142875E+00    0.231250E-01    0.118750E-01
97           -0.793054E-01    0.704875E+00    0.141750E+00    0.570000E-01    0.963750E-01
98            0.365013E-02    0.864125E+00    0.128625E+00    0.612500E-02    0.112500E-02
99            0.453618E-03    0.862375E+00    0.132625E+00    0.412500E-02    0.875000E-03
100           0.173081E-02    0.856250E+00    0.133000E+00    0.950000E-02    0.125000E-02
101           0.257814E-02    0.853250E+00    0.141125E+00    0.487500E-02    0.750000E-03
102          -0.117300E-02    0.836125E+00    0.150000E+00    0.116250E-01    0.225000E-02
105           0.878804E-01    0.613375E+00    0.180375E+00    0.167750E+00    0.385000E-01
106           0.576753E-01    0.737625E+00    0.155875E+00    0.293750E-01    0.771250E-01
107          -0.139852E-01    0.798750E+00    0.159625E+00    0.263750E-01    0.152500E-01
110           0.490049E-03    0.851750E+00    0.140500E+00    0.650000E-02    0.125000E-02
111          -0.280633E-03    0.857625E+00    0.130125E+00    0.987500E-02    0.237500E-02
112           0.457919E-03    0.829875E+00    0.160250E+00    0.862500E-02    0.125000E-02
113           0.860579E-02    0.817500E+00    0.164250E+00    0.160000E-01    0.225000E-02
114          -0.147153E-01    0.812750E+00    0.151000E+00    0.286250E-01    0.762500E-02
115           0.847117E-03    0.828750E+00    0.153000E+00    0.137500E-01    0.450000E-02
116          -0.319774E-02    0.848000E+00    0.144125E+00    0.675000E-02    0.112500E-02
117          -0.215378E-01    0.816000E+00    0.136625E+00    0.335000E-01    0.138750E-01
118          -0.560124E-02    0.852625E+00    0.132125E+00    0.128750E-01    0.237500E-02
120          -0.542584E-01    0.717375E+00    0.167375E+00    0.926250E-01    0.226250E-01
121           0.367940E-02    0.854125E+00    0.131875E+00    0.116250E-01    0.237500E-02
122           0.322223E-02    0.857500E+00    0.134500E+00    0.662500E-02    0.137500E-02
123          -0.371850E-01    0.792125E+00    0.141125E+00    0.177500E-01    0.490000E-01
124           0.201741E-02    0.864750E+00    0.128625E+00    0.600000E-02    0.625000E-03
125          -0.384741E-02    0.860000E+00    0.133375E+00    0.575000E-02    0.875000E-03
126           0.454132E-02    0.849375E+00    0.141125E+00    0.850000E-02    0.100000E-02
127          -0.228182E-01    0.825625E+00    0.128625E+00    0.247500E-01    0.210000E-01
128           0.404342E-04    0.854500E+00    0.136750E+00    0.750000E-02    0.125000E-02
129          -0.927604E-02    0.810125E+00    0.156250E+00    0.216250E-01    0.120000E-01
130          -0.691650E-02    0.835125E+00    0.148125E+00    0.138750E-01    0.287500E-02
131          -0.182649E-01    0.795750E+00    0.139500E+00    0.410000E-01    0.237500E-01
132          -0.399761E-02    0.846500E+00    0.144750E+00    0.775000E-02    0.100000E-02
133          -0.116735E-03    0.843000E+00    0.150125E+00    0.562500E-02    0.125000E-02
135           0.101717E-01    0.815625E+00    0.152875E+00    0.245000E-01    0.700000E-02
136           0.918888E-02    0.826750E+00    0.146000E+00    0.216250E-01    0.562500E-02
137           0.565949E-02    0.844375E+00    0.144000E+00    0.900000E-02    0.262500E-02
138           0.125453E-01    0.827000E+00    0.147000E+00    0.220000E-01    0.400000E-02
139           0.459402E-04    0.839375E+00    0.149500E+00    0.900000E-02    0.212500E-02
140          -0.243222E-02    0.853250E+00    0.141125E+00    0.500000E-02    0.625000E-03
141           0.100672E-01    0.817375E+00    0.172250E+00    0.812500E-02    0.225000E-02
142           0.255848E-02    0.821750E+00    0.158875E+00    0.170000E-01    0.237500E-02
143           0.119437E-02    0.861875E+00    0.131625E+00    0.525000E-02    0.125000E-02
144          -0.583780E-03    0.866875E+00    0.126750E+00    0.562500E-02    0.750000E-03
145          -0.749843E+00    0.152625E+00    0.151500E+00    0.733750E-01    0.622500E+00
146           0.120809E-03    0.874625E+00    0.122125E+00    0.312500E-02    0.125000E-03
147          -0.506333E-02    0.838500E+00    0.144875E+00    0.131250E-01    0.350000E-02
148          -0.354930E-03    0.872125E+00    0.123250E+00    0.400000E-02    0.625000E-03
149           0.176004E-01    0.767250E+00    0.168750E+00    0.357500E-01    0.282500E-01
150          -0.650811E-03    0.869000E+00    0.123625E+00    0.675000E-02    0.625000E-03
151           0.515079E-02    0.860500E+00    0.132375E+00    0.600000E-02    0.112500E-02
152          -0.332522E-02    0.857250E+00    0.136000E+00    0.550000E-02    0.125000E-02
153           0.964961E-02    0.836375E+00    0.155875E+00    0.725000E-02    0.500000E-03
154           0.148985E-02    0.821625E+00    0.156125E+00    0.193750E-01    0.287500E-02
155           0.172028E-02    0.868375E+00    0.122000E+00    0.825000E-02    0.137500E-02
156           0.885350E-03    0.839250E+00    0.152375E+00    0.712500E-02    0.125000E-02
157          -0.183417E-02    0.840250E+00    0.149375E+00    0.900000E-02    0.137500E-02
158           0.431626E-02    0.844875E+00    0.149000E+00    0.550000E-02    0.625000E-03
159           0.297187E-01    0.751375E+00    0.170000E+00    0.416250E-01    0.370000E-01
160           0.158509E-02    0.863375E+00    0.129625E+00    0.650000E-02    0.500000E-03
161          -0.331483E-02    0.833375E+00    0.151250E+00    0.138750E-01    0.150000E-02
162           0.308827E-02    0.853625E+00    0.135375E+00    0.862500E-02    0.237500E-02
163           0.131840E-01    0.828125E+00    0.146500E+00    0.178750E-01    0.750000E-02
164          -0.817532E-02    0.827250E+00    0.161375E+00    0.962500E-02    0.175000E-02
165          -0.109813E-02    0.871000E+00    0.120250E+00    0.775000E-02    0.100000E-02
166           0.357384E-02    0.852000E+00    0.136125E+00    0.900000E-02    0.287500E-02
167           0.118008E-02    0.856875E+00    0.136625E+00    0.562500E-02    0.875000E-03
168          -0.121064E-01    0.836250E+00    0.143375E+00    0.182500E-01    0.212500E-02
169          -0.986910E-02    0.817000E+00    0.171125E+00    0.102500E-01    0.162500E-02
170           0.338885E-02    0.854750E+00    0.138500E+00    0.612500E-02    0.625000E-03
171          -0.873946E-03    0.845500E+00    0.145375E+00    0.762500E-02    0.150000E-02
172          -0.117341E-01    0.823875E+00    0.155500E+00    0.186250E-01    0.200000E-02
173           0.625614E-02    0.813250E+00    0.160875E+00    0.232500E-01    0.262500E-02
174           0.571284E-02    0.855500E+00    0.137125E+00    0.662500E-02    0.750000E-03
175          -0.823432E-02    0.807500E+00    0.173750E+00    0.160000E-01    0.275000E-02
176          -0.229738E-01    0.808625E+00    0.143500E+00    0.330000E-01    0.148750E-01
177           0.102615E-02    0.854625E+00    0.136375E+00    0.787500E-02    0.112500E-02
178           0.129578E-02    0.843875E+00    0.144250E+00    0.106250E-01    0.125000E-02
179          -0.620667E-03    0.837875E+00    0.153500E+00    0.700000E-02    0.162500E-02
180          -0.111819E-01    0.834250E+00    0.151000E+00    0.116250E-01    0.312500E-02
181          -0.262044E-01    0.812500E+00    0.140875E+00    0.262500E-01    0.203750E-01
182          -0.123402E-01    0.819000E+00    0.160500E+00    0.167500E-01    0.375000E-02
183          -0.707142E-02    0.841000E+00    0.151000E+00    0.712500E-02    0.875000E-03
184           0.790564E-02    0.849750E+00    0.133625E+00    0.130000E-01    0.362500E-02
185          -0.164191E-01    0.794750E+00    0.180375E+00    0.202500E-01    0.462500E-02
186           0.413893E-02    0.830750E+00    0.144875E+00    0.216250E-01    0.275000E-02
187          -0.102846E-02    0.871500E+00    0.122125E+00    0.562500E-02    0.750000E-03
188           0.504914E-02    0.828250E+00    0.156750E+00    0.135000E-01    0.150000E-02
189          -0.141845E+00    0.646750E+00    0.154125E+00    0.633750E-01    0.135750E+00
190           0.124772E-01    0.798750E+00    0.181500E+00    0.171250E-01    0.262500E-02
191           0.988477E-03    0.802000E+00    0.168875E+00    0.242500E-01    0.487500E-02
192           0.233427E-02    0.846250E+00    0.138750E+00    0.123750E-01    0.262500E-02
193           0.185364E-02    0.842375E+00    0.147500E+00    0.800000E-02    0.212500E-02
194           0.140808E-02    0.829375E+00    0.156125E+00    0.130000E-01    0.150000E-02
195           0.891166E-02    0.824125E+00    0.166500E+00    0.800000E-02    0.137500E-02
196          -0.272838E-02    0.845000E+00    0.141625E+00    0.118750E-01    0.150000E-02
197          -0.677317E-02    0.835250E+00    0.140875E+00    0.203750E-01    0.350000E-02
198          -0.503827E-02    0.842375E+00    0.147375E+00    0.850000E-02    0.175000E-02
199          -0.700484E-02    0.847875E+00    0.141000E+00    0.101250E-01    0.100000E-02
200           0.390216E-02    0.845125E+00    0.146375E+00    0.725000E-02    0.125000E-02
201          -0.158192E-01    0.801625E+00    0.171125E+00    0.192500E-01    0.800000E-02
202          -0.325002E-03    0.820125E+00    0.161500E+00    0.155000E-01    0.287500E-02
203           0.261679E-01    0.782500E+00    0.174000E+00    0.296250E-01    0.138750E-01
204          -0.494755E-02    0.832000E+00    0.158375E+00    0.825000E-02    0.137500E-02
205           0.867865E-02    0.810250E+00    0.177625E+00    0.106250E-01    0.150000E-02
206           0.181458E-02    0.854125E+00    0.139500E+00    0.587500E-02    0.500000E-03
207          -0.920779E-02    0.820375E+00    0.166000E+00    0.117500E-01    0.187500E-02
208           0.118962E-01    0.818875E+00    0.148250E+00    0.237500E-01    0.912500E-02
209          -0.760915E-02    0.820125E+00    0.161125E+00    0.163750E-01    0.237500E-02
210           0.256532E-02    0.843375E+00    0.149375E+00    0.612500E-02    0.112500E-02
211          -0.414721E-02    0.853625E+00    0.138625E+00    0.700000E-02    0.750000E-03
212          -0.494773E-02    0.833750E+00    0.149375E+00    0.147500E-01    0.212500E-02
213          -0.105983E-02    0.822500E+00    0.152500E+00    0.177500E-01    0.725000E-02
214          -0.333261E-02    0.842625E+00    0.149250E+00    0.737500E-02    0.750000E-03
216           0.872604E-02    0.833375E+00    0.148000E+00    0.165000E-01    0.212500E-02
218           0.191984E-02    0.842250E+00    0.151375E+00    0.537500E-02    0.100000E-02
219          -0.210147E-02    0.846625E+00    0.145000E+00    0.725000E-02    0.112500E-02
220           0.563675E-03    0.855750E+00    0.137750E+00    0.525000E-02    0.125000E-02
221           0.507667E-02    0.844625E+00    0.149500E+00    0.500000E-02    0.875000E-03
222          -0.356615E-02    0.827375E+00    0.161500E+00    0.975000E-02    0.137500E-02
223          -0.432565E-02    0.849875E+00    0.138875E+00    0.987500E-02    0.137500E-02
224           0.202050E-02    0.874750E+00    0.118250E+00    0.637500E-02    0.625000E-03
225          -0.473158E-02    0.834875E+00    0.151875E+00    0.113750E-01    0.187500E-02
226          -0.976309E-02    0.821625E+00    0.165875E+00    0.987500E-02    0.262500E-02
227          -0.218782E-02    0.824000E+00    0.155125E+00    0.142500E-01    0.662500E-02
228           0.402422E-02    0.837125E+00    0.154625E+00    0.662500E-02    0.162500E-02
229          -0.103577E-02    0.846750E+00    0.145750E+00    0.650000E-02    0.100000E-02
230           0.516679E-02    0.865750E+00    0.123500E+00    0.962500E-02    0.112500E-02
231          -0.470561E-02    0.856250E+00    0.134750E+00    0.750000E-02    0.150000E-02
232          -0.546883E-02    0.841375E+00    0.146875E+00    0.100000E-01    0.175000E-02
233          -0.937797E-03    0.841375E+00    0.147875E+00    0.962500E-02    0.112500E-02
234          -0.369530E-03    0.843000E+00    0.143125E+00    0.115000E-01    0.237500E-02
236           0.181322E-02    0.868625E+00    0.125250E+00    0.562500E-02    0.500000E-03
237          -0.211490E-02    0.865750E+00    0.124875E+00    0.762500E-02    0.175000E-02
238          -0.329630E-02    0.850750E+00    0.140750E+00    0.737500E-02    0.112500E-02
239          -0.549520E-02    0.817125E+00    0.162000E+00    0.175000E-01    0.337500E-02
240           0.154635E-01    0.805000E+00    0.156375E+00    0.151250E-01    0.235000E-01
242          -0.637223E-02    0.820750E+00    0.161250E+00    0.165000E-01    0.150000E-02
243           0.890094E-02    0.803625E+00    0.165125E+00    0.210000E-01    0.102500E-01
244          -0.115683E-02    0.873750E+00    0.121375E+00    0.412500E-02    0.750000E-03
245           0.225507E-02    0.835875E+00    0.153625E+00    0.825000E-02    0.225000E-02
246           0.376409E-02    0.845250E+00    0.144250E+00    0.975000E-02    0.750000E-03
247          -0.575797E-03    0.867750E+00    0.126000E+00    0.500000E-02    0.125000E-02
248           0.111100E-02    0.855125E+00    0.137750E+00    0.600000E-02    0.112500E-02
249           0.394742E-02    0.844375E+00    0.147500E+00    0.687500E-02    0.125000E-02
250          -0.120495E-01    0.821750E+00    0.165500E+00    0.108750E-01    0.187500E-02
251           0.349373E-02    0.867875E+00    0.127250E+00    0.412500E-02    0.750000E-03
252          -0.212211E-05    0.851375E+00    0.139625E+00    0.787500E-02    0.112500E-02
253          -0.749336E-03    0.856875E+00    0.129625E+00    0.107500E-01    0.275000E-02
254           0.715954E-02    0.825750E+00    0.160250E+00    0.126250E-01    0.137500E-02
256          -0.118423E-02    0.847375E+00    0.142125E+00    0.962500E-02    0.875000E-03
257           0.151309E-01    0.806375E+00    0.140875E+00    0.421250E-01    0.106250E-01
258          -0.264463E-02    0.836750E+00    0.152625E+00    0.825000E-02    0.237500E-02
259          -0.507723E-02    0.851000E+00    0.138125E+00    0.887500E-02    0.200000E-02
260          -0.245482E-02    0.842250E+00    0.150750E+00    0.612500E-02    0.875000E-03
261          -0.180850E-02    0.840875E+00    0.149500E+00    0.850000E-02    0.112500E-02
262          -0.264818E-03    0.851500E+00    0.138375E+00    0.825000E-02    0.187500E-02
263           0.445723E-02    0.840875E+00    0.148500E+00    0.912500E-02    0.150000E-02
265           0.186559E-01    0.809875E+00    0.141875E+00    0.263750E-01    0.218750E-01
266          -0.149796E-02    0.848000E+00    0.145125E+00    0.637500E-02    0.500000E-03
267           0.220058E-02    0.858625E+00    0.132625E+00    0.712500E-02    0.162500E-02
268           0.331995E-02    0.867500E+00    0.124875E+00    0.700000E-02    0.625000E-03
269           0.194419E-03    0.854125E+00    0.137250E+00    0.625000E-02    0.237500E-02
270           0.179006E-02    0.853875E+00    0.133750E+00    0.987500E-02    0.250000E-02
271          -0.957346E-03    0.849375E+00    0.134625E+00    0.127500E-01    0.325000E-02
272           0.307650E-02    0.863375E+00    0.125750E+00    0.912500E-02    0.175000E-02
273          -0.746811E-02    0.827125E+00    0.158625E+00    0.117500E-01    0.250000E-02
274          -0.250634E-01    0.787000E+00    0.145125E+00    0.592500E-01    0.862500E-02
275           0.202615E-02    0.857000E+00    0.137375E+00    0.487500E-02    0.750000E-03
276          -0.607899E-03    0.858625E+00    0.136500E+00    0.375000E-02    0.112500E-02
277          -0.877675E-03    0.850625E+00    0.134250E+00    0.887500E-02    0.625000E-02
278           0.267018E-02    0.856250E+00    0.134125E+00    0.837500E-02    0.125000E-02
279           0.341052E-02    0.819750E+00    0.160250E+00    0.168750E-01    0.312500E-02
280          -0.114037E-02    0.877000E+00    0.116375E+00    0.575000E-02    0.875000E-03
281          -0.270992E-03    0.818375E+00    0.160500E+00    0.182500E-01    0.287500E-02
282           0.351472E-02    0.853875E+00    0.132625E+00    0.113750E-01    0.212500E-02
283           0.113185E-02    0.854625E+00    0.137750E+00    0.650000E-02    0.112500E-02
287           0.329363E-02    0.836500E+00    0.138625E+00    0.116250E-01    0.132500E-01
288          -0.151626E-02    0.855875E+00    0.140250E+00    0.312500E-02    0.750000E-03
290          -0.636438E-03    0.847250E+00    0.145875E+00    0.637500E-02    0.500000E-03
291          -0.238980E-02    0.813750E+00    0.151000E+00    0.271250E-01    0.812500E-02
292          -0.635431E-02    0.833500E+00    0.150750E+00    0.136250E-01    0.212500E-02
294           0.146452E-02    0.855750E+00    0.136750E+00    0.650000E-02    0.100000E-02
295           0.744591E-03    0.871625E+00    0.121250E+00    0.612500E-02    0.100000E-02
296          -0.289475E-02    0.874000E+00    0.117875E+00    0.525000E-02    0.287500E-02
297          -0.433113E-02    0.851750E+00    0.139250E+00    0.750000E-02    0.150000E-02
298           0.860948E-03    0.849250E+00    0.139250E+00    0.962500E-02    0.187500E-02
299           0.133795E-02    0.859000E+00    0.133125E+00    0.612500E-02    0.175000E-02
300           0.493779E-02    0.842000E+00    0.146125E+00    0.987500E-02    0.200000E-02
301          -0.171827E-02    0.854000E+00    0.136500E+00    0.812500E-02    0.137500E-02
302          -0.933621E-02    0.840875E+00    0.120500E+00    0.205000E-01    0.181250E-01
303           0.141628E-02    0.838375E+00    0.146875E+00    0.116250E-01    0.312500E-02
304          -0.306109E-02    0.861000E+00    0.132125E+00    0.537500E-02    0.150000E-02
305          -0.242895E-03    0.847125E+00    0.145125E+00    0.637500E-02    0.137500E-02
306          -0.352115E-03    0.833625E+00    0.146750E+00    0.152500E-01    0.437500E-02
307           0.250522E-02    0.827250E+00    0.155875E+00    0.143750E-01    0.250000E-02
308          -0.286752E-02    0.846750E+00    0.141875E+00    0.987500E-02    0.150000E-02
309          -0.168539E-02    0.850250E+00    0.136250E+00    0.113750E-01    0.212500E-02
310          -0.329331E-02    0.846500E+00    0.141750E+00    0.112500E-01    0.500000E-03
311          -0.615395E-02    0.830250E+00    0.148750E+00    0.185000E-01    0.250000E-02
312          -0.346006E-02    0.853750E+00    0.140375E+00    0.487500E-02    0.100000E-02
313          -0.200439E-03    0.859375E+00    0.131500E+00    0.800000E-02    0.112500E-02
314           0.507477E-03    0.868250E+00    0.127000E+00    0.450000E-02    0.250000E-03
315          -0.197249E-02    0.876000E+00    0.119125E+00    0.362500E-02    0.125000E-02
316           0.400205E-02    0.836500E+00    0.153875E+00    0.850000E-02    0.112500E-02
317          -0.121542E-02    0.863375E+00    0.129625E+00    0.600000E-02    0.100000E-02
318          -0.282232E-03    0.840875E+00    0.151625E+00    0.587500E-02    0.162500E-02
319           0.313002E-02    0.865750E+00    0.127250E+00    0.587500E-02    0.112500E-02
320          -0.423932E-03    0.869125E+00    0.123875E+00    0.575000E-02    0.125000E-02
321           0.444590E-02    0.855875E+00    0.129500E+00    0.103750E-01    0.425000E-02
322           0.572777E-02    0.825250E+00    0.147875E+00    0.217500E-01    0.512500E-02
323           0.350540E-03    0.861125E+00    0.126000E+00    0.108750E-01    0.200000E-02
324          -0.758812E-02    0.852375E+00    0.122375E+00    0.142500E-01    0.110000E-01
325           0.282148E-03    0.850375E+00    0.142125E+00    0.737500E-02    0.125000E-03
326           0.445728E-02    0.839625E+00    0.150375E+00    0.875000E-02    0.125000E-02
327          -0.293874E-02    0.844375E+00    0.143375E+00    0.102500E-01    0.200000E-02
328           0.477400E-02    0.841625E+00    0.147500E+00    0.912500E-02    0.175000E-02
329          -0.135775E-02    0.820125E+00    0.169375E+00    0.950000E-02    0.100000E-02
330           0.594363E-02    0.843750E+00    0.140250E+00    0.128750E-01    0.312500E-02
331          -0.298951E-02    0.855000E+00    0.135000E+00    0.837500E-02    0.162500E-02
332           0.590441E-03    0.851125E+00    0.140875E+00    0.700000E-02    0.100000E-02
333           0.413434E-02    0.836375E+00    0.154500E+00    0.725000E-02    0.187500E-02
334          -0.229141E-03    0.842375E+00    0.142500E+00    0.133750E-01    0.175000E-02
335           0.108120E-01    0.818250E+00    0.162125E+00    0.167500E-01    0.287500E-02
336           0.480981E-04    0.874625E+00    0.120000E+00    0.462500E-02    0.750000E-03
338           0.213768E-02    0.848750E+00    0.144625E+00    0.612500E-02    0.500000E-03
339          -0.300256E-02    0.862125E+00    0.130000E+00    0.662500E-02    0.125000E-02
341          -0.692253E-02    0.836625E+00    0.148625E+00    0.136250E-01    0.112500E-02
342           0.246210E-03    0.858625E+00    0.131875E+00    0.887500E-02    0.625000E-03
343           0.203410E-02    0.860875E+00    0.132250E+00    0.550000E-02    0.137500E-02
344           0.321752E-02    0.846000E+00    0.140500E+00    0.115000E-01    0.200000E-02
345           0.138421E-02    0.865875E+00    0.118250E+00    0.125000E-01    0.337500E-02
346          -0.561423E-02    0.850500E+00    0.140625E+00    0.725000E-02    0.162500E-02
347           0.105844E-01    0.816750E+00    0.157625E+00    0.203750E-01    0.525000E-02
348           0.766440E-02    0.818000E+00    0.165125E+00    0.148750E-01    0.200000E-02
349          -0.287714E-01    0.795750E+00    0.140625E+00    0.166250E-01    0.470000E-01
350          -0.174799E-02    0.858625E+00    0.135250E+00    0.525000E-02    0.875000E-03
351           0.222224E-02    0.833250E+00    0.155000E+00    0.102500E-01    0.150000E-02
352           0.284290E-02    0.852375E+00    0.139875E+00    0.600000E-02    0.175000E-02
353          -0.477460E-03    0.859625E+00    0.133375E+00    0.587500E-02    0.112500E-02
354           0.851600E-02    0.855500E+00    0.118500E+00    0.195000E-01    0.650000E-02
355          -0.355447E-03    0.858250E+00    0.132625E+00    0.875000E-02    0.375000E-03
356          -0.147974E-02    0.839000E+00    0.147625E+00    0.120000E-01    0.137500E-02
357          -0.504280E-02    0.816375E+00    0.157000E+00    0.198750E-01    0.675000E-02
358           0.567081E-02    0.836000E+00    0.151000E+00    0.111250E-01    0.187500E-02
360           0.923765E-02    0.822375E+00    0.153125E+00    0.158750E-01    0.862500E-02
361           0.357517E-02    0.851625E+00    0.142000E+00    0.537500E-02    0.100000E-02
363          -0.444630E-02    0.864000E+00    0.129250E+00    0.537500E-02    0.137500E-02
364           0.159038E-02    0.840875E+00    0.149125E+00    0.825000E-02    0.175000E-02
365          -0.987565E-02    0.830625E+00    0.153625E+00    0.121250E-01    0.362500E-02
366          -0.345362E-02    0.861875E+00    0.125625E+00    0.962500E-02    0.287500E-02
367          -0.815682E-03    0.838125E+00    0.153250E+00    0.762500E-02    0.100000E-02
368          -0.195528E-02    0.862875E+00    0.131000E+00    0.487500E-02    0.125000E-02
370          -0.134423E-05    0.863750E+00    0.130750E+00    0.462500E-02    0.875000E-03
371          -0.103699E-01    0.801750E+00    0.181500E+00    0.147500E-01    0.200000E-02
372           0.100771E-02    0.853500E+00    0.136250E+00    0.862500E-02    0.162500E-02
373          -0.342750E-03    0.829375E+00    0.160250E+00    0.900000E-02    0.137500E-02
374          -0.236164E-02    0.857000E+00    0.135375E+00    0.725000E-02    0.375000E-03
375          -0.207463E-02    0.845250E+00    0.145375E+00    0.837500E-02    0.100000E-02
377           0.253486E-02    0.864625E+00    0.127250E+00    0.662500E-02    0.150000E-02
378          -0.151340E-01    0.789000E+00    0.176375E+00    0.288750E-01    0.575000E-02
379          -0.335004E-03    0.835500E+00    0.154250E+00    0.862500E-02    0.162500E-02
380          -0.125342E-01    0.848750E+00    0.118375E+00    0.255000E-01    0.737500E-02
381           0.435468E-02    0.823125E+00    0.151875E+00    0.203750E-01    0.462500E-02
382           0.253315E-01    0.824125E+00    0.124750E+00    0.262500E-01    0.248750E-01
383          -0.360846E-02    0.847875E+00    0.145750E+00    0.612500E-02    0.250000E-03
384          -0.384849E-04    0.862750E+00    0.130250E+00    0.600000E-02    0.100000E-02
385           0.269991E-03    0.831625E+00    0.157625E+00    0.912500E-02    0.162500E-02
386          -0.818730E-03    0.868000E+00    0.126125E+00    0.512500E-02    0.750000E-03
387           0.229482E-02    0.854625E+00    0.136750E+00    0.800000E-02    0.625000E-03
388           0.665472E-03    0.850750E+00    0.138000E+00    0.912500E-02    0.212500E-02
389          -0.132765E-01    0.807000E+00    0.162500E+00    0.263750E-01    0.412500E-02
390           0.215153E-03    0.846125E+00    0.147625E+00    0.525000E-02    0.100000E-02
391          -0.157160E-01    0.818625E+00    0.151375E+00    0.260000E-01    0.400000E-02
392          -0.698403E-02    0.827125E+00    0.157125E+00    0.132500E-01    0.250000E-02
393           0.382323E-03    0.846625E+00    0.142625E+00    0.825000E-02    0.250000E-02
394           0.330011E-02    0.860500E+00    0.131125E+00    0.687500E-02    0.150000E-02
395           0.250778E-02    0.864375E+00    0.128125E+00    0.675000E-02    0.750000E-03
396           0.354418E-02    0.841250E+00    0.149750E+00    0.800000E-02    0.100000E-02
397          -0.327694E-02    0.859000E+00    0.132250E+00    0.762500E-02    0.112500E-02
398           0.144325E-02    0.855125E+00    0.136125E+00    0.700000E-02    0.175000E-02
399          -0.810098E-02    0.806625E+00    0.173000E+00    0.162500E-01    0.412500E-02
400          -0.485030E-02    0.843875E+00    0.142375E+00    0.118750E-01    0.187500E-02
401          -0.991939E-03    0.844500E+00    0.147000E+00    0.750000E-02    0.100000E-02
402          -0.320872E-02    0.869500E+00    0.124375E+00    0.512500E-02    0.100000E-02
403          -0.107906E-02    0.826000E+00    0.157625E+00    0.146250E-01    0.175000E-02
404          -0.148014E-02    0.874000E+00    0.117875E+00    0.712500E-02    0.100000E-02
405           0.343926E-02    0.870875E+00    0.122250E+00    0.662500E-02    0.250000E-03
406           0.454860E-02    0.834375E+00    0.153500E+00    0.962500E-02    0.250000E-02
407           0.144832E-02    0.847875E+00    0.144000E+00    0.675000E-02    0.137500E-02
408           0.226250E-02    0.875625E+00    0.118125E+00    0.550000E-02    0.750000E-03
409          -0.628580E-02    0.825250E+00    0.162250E+00    0.105000E-01    0.200000E-02
410           0.339038E-02    0.859125E+00    0.130000E+00    0.912500E-02    0.175000E-02
411          -0.110407E-01    0.811000E+00    0.156000E+00    0.227500E-01    0.102500E-01
412           0.125786E-02    0.838125E+00    0.150500E+00    0.101250E-01    0.125000E-02
413           0.105217E-02    0.850125E+00    0.142000E+00    0.737500E-02    0.500000E-03
414           0.289340E-03    0.844250E+00    0.143875E+00    0.101250E-01    0.175000E-02
415          -0.375214E-01    0.761500E+00    0.145500E+00    0.575000E-01    0.355000E-01
416          -0.250692E-02    0.847250E+00    0.145250E+00    0.662500E-02    0.875000E-03
417           0.519555E-03    0.835875E+00    0.152625E+00    0.102500E-01    0.125000E-02
418           0.132496E-02    0.868500E+00    0.126000E+00    0.512500E-02    0.375000E-03
419          -0.280303E-02    0.845625E+00    0.146250E+00    0.700000E-02    0.112500E-02
420          -0.275724E-01    0.784625E+00    0.140750E+00    0.567500E-01    0.178750E-01
421          -0.178754E-02    0.857250E+00    0.135375E+00    0.687500E-02    0.500000E-03
422           0.308987E-02    0.848500E+00    0.141625E+00    0.812500E-02    0.175000E-02
423           0.203200E-01    0.802500E+00    0.139250E+00    0.528750E-01    0.537500E-02
424           0.552877E-03    0.841250E+00    0.148000E+00    0.862500E-02    0.212500E-02
425          -0.441271E-03    0.869875E+00    0.124000E+00    0.525000E-02    0.875000E-03
426           0.491232E-03    0.849875E+00    0.137500E+00    0.105000E-01    0.212500E-02
427          -0.346206E-02    0.836625E+00    0.141750E+00    0.160000E-01    0.562500E-02
428          -0.209623E-01    0.803750E+00    0.148000E+00    0.333750E-01    0.148750E-01
429          -0.487835E-02    0.841750E+00    0.149125E+00    0.762500E-02    0.150000E-02
430           0.299149E-01    0.792750E+00    0.147375E+00    0.498750E-01    0.100000E-01
431           0.618978E-02    0.820250E+00    0.166875E+00    0.110000E-01    0.187500E-02
432          -0.625516E-02    0.835500E+00    0.145500E+00    0.162500E-01    0.275000E-02
433          -0.323750E-02    0.849375E+00    0.138625E+00    0.107500E-01    0.125000E-02
434          -0.296333E-01    0.801875E+00    0.136250E+00    0.308750E-01    0.310000E-01
435          -0.463458E-02    0.832250E+00    0.152250E+00    0.126250E-01    0.287500E-02
436           0.276616E-02    0.842375E+00    0.135125E+00    0.200000E-01    0.250000E-02
437          -0.237748E-02    0.821500E+00    0.142625E+00    0.278750E-01    0.800000E-02
438           0.263099E-02    0.818875E+00    0.164625E+00    0.145000E-01    0.200000E-02
439           0.380463E-02    0.846750E+00    0.143000E+00    0.900000E-02    0.125000E-02
440          -0.594285E-02    0.852000E+00    0.141375E+00    0.625000E-02    0.375000E-03
441          -0.236040E-02    0.848125E+00    0.142500E+00    0.812500E-02    0.125000E-02
442          -0.169885E-01    0.834375E+00    0.132000E+00    0.271250E-01    0.650000E-02
443          -0.464975E-02    0.845625E+00    0.145875E+00    0.725000E-02    0.125000E-02
444           0.777168E-02    0.838500E+00    0.139875E+00    0.186250E-01    0.300000E-02
445          -0.113444E-01    0.787125E+00    0.181125E+00    0.238750E-01    0.787500E-02
446           0.888746E-03    0.848750E+00    0.137750E+00    0.130000E-01    0.500000E-03
447           0.117599E-01    0.840500E+00    0.132875E+00    0.232500E-01    0.337500E-02
448          -0.153161E-02    0.840000E+00    0.149125E+00    0.937500E-02    0.150000E-02
449          -0.209385E-02    0.846000E+00    0.146625E+00    0.650000E-02    0.875000E-03
450          -0.119899E-02    0.859375E+00    0.128625E+00    0.950000E-02    0.250000E-02
451          -0.197930E-02    0.847000E+00    0.140500E+00    0.102500E-01    0.225000E-02
452          -0.125675E-03    0.843125E+00    0.146250E+00    0.912500E-02    0.150000E-02
453           0.155932E-01    0.841000E+00    0.129000E+00    0.225000E-01    0.750000E-02
454           0.455776E-02    0.838500E+00    0.150500E+00    0.937500E-02    0.162500E-02
455          -0.512924E-02    0.854750E+00    0.133125E+00    0.107500E-01    0.137500E-02
456          -0.334659E-02    0.863000E+00    0.125250E+00    0.101250E-01    0.162500E-02
457          -0.202255E-02    0.845250E+00    0.146375E+00    0.662500E-02    0.175000E-02
458           0.152931E-02    0.840625E+00    0.146500E+00    0.106250E-01    0.225000E-02
459          -0.412611E-02    0.874000E+00    0.120500E+00    0.462500E-02    0.875000E-03
460           0.515596E-02    0.858500E+00    0.134250E+00    0.637500E-02    0.875000E-03
461           0.387761E-02    0.851000E+00    0.141125E+00    0.625000E-02    0.162500E-02
462           0.721380E-02    0.835125E+00    0.153250E+00    0.105000E-01    0.112500E-02
463          -0.599113E-02    0.853125E+00    0.138625E+00    0.600000E-02    0.225000E-02
464          -0.232051E-02    0.855500E+00    0.133375E+00    0.100000E-01    0.112500E-02
465          -0.470038E-02    0.850250E+00    0.139125E+00    0.937500E-02    0.125000E-02
